{
  "nodes": [
    {
      "index": 0,
      "id": "(0, 0)",
      "x": 0.6276546716690063,
      "y": 0.25821220874786377
    },
    {
      "index": 1,
      "id": "(0, 1)",
      "x": 0.5447892546653748,
      "y": -0.2447270154953003
    },
    {
      "index": 2,
      "id": "(0, 2)",
      "x": 0.9442330002784729,
      "y": -0.8122423887252808
    },
    {
      "index": 3,
      "id": "(0, 3)",
      "x": -0.3450460731983185,
      "y": -0.658845067024231
    },
    {
      "index": 4,
      "id": "(0, 4)",
      "x": 0.45213866233825684,
      "y": 0.8193692564964294
    },
    {
      "index": 5,
      "id": "(1, 0)",
      "x": 0.2827901840209961,
      "y": -0.49458104372024536
    },
    {
      "index": 6,
      "id": "(1, 1)",
      "x": -0.9893351793289185,
      "y": -0.3494022786617279
    },
    {
      "index": 7,
      "id": "(1, 2)",
      "x": -0.7291383147239685,
      "y": 0.6913696527481079
    },
    {
      "index": 8,
      "id": "(1, 3)",
      "x": 0.7505248188972473,
      "y": 0.5748279094696045
    },
    {
      "index": 9,
      "id": "(1, 4)",
      "x": -0.05341648682951927,
      "y": -0.32018283009529114
    },
    {
      "index": 10,
      "id": "(2, 0)",
      "x": 0.7007007598876953,
      "y": 0.6793034076690674
    },
    {
      "index": 11,
      "id": "(2, 1)",
      "x": -0.6670095920562744,
      "y": -0.28122204542160034
    },
    {
      "index": 12,
      "id": "(2, 2)",
      "x": -0.1996954381465912,
      "y": -0.4873995780944824
    },
    {
      "index": 13,
      "id": "(2, 3)",
      "x": -0.7988601326942444,
      "y": -0.06693139672279358
    },
    {
      "index": 14,
      "id": "(2, 4)",
      "x": 0.30810272693634033,
      "y": -0.32028472423553467
    },
    {
      "index": 15,
      "id": "(3, 0)",
      "x": -0.11297866702079773,
      "y": 0.33848103880882263
    },
    {
      "index": 16,
      "id": "(3, 1)",
      "x": 0.21227887272834778,
      "y": 0.1222563162446022
    },
    {
      "index": 17,
      "id": "(3, 2)",
      "x": 0.3865841031074524,
      "y": -0.5134735703468323
    },
    {
      "index": 18,
      "id": "(3, 3)",
      "x": 0.2960171401500702,
      "y": -0.938669741153717
    },
    {
      "index": 19,
      "id": "(3, 4)",
      "x": 0.9234635233879089,
      "y": -0.3405524790287018
    },
    {
      "index": 20,
      "id": "(4, 0)",
      "x": 0.02211713045835495,
      "y": -0.9460167288780212
    },
    {
      "index": 21,
      "id": "(4, 1)",
      "x": -0.6488531231880188,
      "y": -0.24972400069236755
    },
    {
      "index": 22,
      "id": "(4, 2)",
      "x": 0.8324187994003296,
      "y": 0.25902819633483887
    },
    {
      "index": 23,
      "id": "(4, 3)",
      "x": -0.2513059377670288,
      "y": 0.31115642189979553
    },
    {
      "index": 24,
      "id": "(4, 4)",
      "x": -0.29446685314178467,
      "y": -0.5849000215530396
    }
  ],
  "edges": [
    {
      "source": "(0, 0)",
      "target": "(1, 0)"
    },
    {
      "source": "(0, 0)",
      "target": "(0, 1)"
    },
    {
      "source": "(0, 1)",
      "target": "(1, 1)"
    },
    {
      "source": "(0, 1)",
      "target": "(0, 2)"
    },
    {
      "source": "(0, 2)",
      "target": "(1, 2)"
    },
    {
      "source": "(0, 2)",
      "target": "(0, 3)"
    },
    {
      "source": "(0, 3)",
      "target": "(1, 3)"
    },
    {
      "source": "(0, 3)",
      "target": "(0, 4)"
    },
    {
      "source": "(0, 4)",
      "target": "(1, 4)"
    },
    {
      "source": "(1, 0)",
      "target": "(2, 0)"
    },
    {
      "source": "(1, 0)",
      "target": "(1, 1)"
    },
    {
      "source": "(1, 1)",
      "target": "(2, 1)"
    },
    {
      "source": "(1, 1)",
      "target": "(1, 2)"
    },
    {
      "source": "(1, 2)",
      "target": "(2, 2)"
    },
    {
      "source": "(1, 2)",
      "target": "(1, 3)"
    },
    {
      "source": "(1, 3)",
      "target": "(2, 3)"
    },
    {
      "source": "(1, 3)",
      "target": "(1, 4)"
    },
    {
      "source": "(1, 4)",
      "target": "(2, 4)"
    },
    {
      "source": "(2, 0)",
      "target": "(3, 0)"
    },
    {
      "source": "(2, 0)",
      "target": "(2, 1)"
    },
    {
      "source": "(2, 1)",
      "target": "(3, 1)"
    },
    {
      "source": "(2, 1)",
      "target": "(2, 2)"
    },
    {
      "source": "(2, 2)",
      "target": "(3, 2)"
    },
    {
      "source": "(2, 2)",
      "target": "(2, 3)"
    },
    {
      "source": "(2, 3)",
      "target": "(3, 3)"
    },
    {
      "source": "(2, 3)",
      "target": "(2, 4)"
    },
    {
      "source": "(2, 4)",
      "target": "(3, 4)"
    },
    {
      "source": "(3, 0)",
      "target": "(4, 0)"
    },
    {
      "source": "(3, 0)",
      "target": "(3, 1)"
    },
    {
      "source": "(3, 1)",
      "target": "(4, 1)"
    },
    {
      "source": "(3, 1)",
      "target": "(3, 2)"
    },
    {
      "source": "(3, 2)",
      "target": "(4, 2)"
    },
    {
      "source": "(3, 2)",
      "target": "(3, 3)"
    },
    {
      "source": "(3, 3)",
      "target": "(4, 3)"
    },
    {
      "source": "(3, 3)",
      "target": "(3, 4)"
    },
    {
      "source": "(3, 4)",
      "target": "(4, 4)"
    },
    {
      "source": "(4, 0)",
      "target": "(4, 1)"
    },
    {
      "source": "(4, 1)",
      "target": "(4, 2)"
    },
    {
      "source": "(4, 2)",
      "target": "(4, 3)"
    },
    {
      "source": "(4, 3)",
      "target": "(4, 4)"
    }
  ],
  "coef": {
    "stress": 0,
    "crossing_angle": 0,
    "neighbor": 0,
    "edge_uniformity": 0,
    "crossing_number": 0,
    "angular_resolution": 0,
    "vertex_resolution": 0,
    "gabriel": 0,
    "aspect_ratio": 0
  },
  "optimizer": {
    "lr": 0.4190972373349871,
    "momentum": 0.5
  },
  "graphDistance": [
    [
      0,
      1,
      2,
      3,
      4,
      1,
      2,
      3,
      4,
      5,
      2,
      3,
      4,
      5,
      6,
      3,
      4,
      5,
      6,
      7,
      4,
      5,
      6,
      7,
      8
    ],
    [
      1,
      0,
      1,
      2,
      3,
      2,
      1,
      2,
      3,
      4,
      3,
      2,
      3,
      4,
      5,
      4,
      3,
      4,
      5,
      6,
      5,
      4,
      5,
      6,
      7
    ],
    [
      2,
      1,
      0,
      1,
      2,
      3,
      2,
      1,
      2,
      3,
      4,
      3,
      2,
      3,
      4,
      5,
      4,
      3,
      4,
      5,
      6,
      5,
      4,
      5,
      6
    ],
    [
      3,
      2,
      1,
      0,
      1,
      4,
      3,
      2,
      1,
      2,
      5,
      4,
      3,
      2,
      3,
      6,
      5,
      4,
      3,
      4,
      7,
      6,
      5,
      4,
      5
    ],
    [
      4,
      3,
      2,
      1,
      0,
      5,
      4,
      3,
      2,
      1,
      6,
      5,
      4,
      3,
      2,
      7,
      6,
      5,
      4,
      3,
      8,
      7,
      6,
      5,
      4
    ],
    [
      1,
      2,
      3,
      4,
      5,
      0,
      1,
      2,
      3,
      4,
      1,
      2,
      3,
      4,
      5,
      2,
      3,
      4,
      5,
      6,
      3,
      4,
      5,
      6,
      7
    ],
    [
      2,
      1,
      2,
      3,
      4,
      1,
      0,
      1,
      2,
      3,
      2,
      1,
      2,
      3,
      4,
      3,
      2,
      3,
      4,
      5,
      4,
      3,
      4,
      5,
      6
    ],
    [
      3,
      2,
      1,
      2,
      3,
      2,
      1,
      0,
      1,
      2,
      3,
      2,
      1,
      2,
      3,
      4,
      3,
      2,
      3,
      4,
      5,
      4,
      3,
      4,
      5
    ],
    [
      4,
      3,
      2,
      1,
      2,
      3,
      2,
      1,
      0,
      1,
      4,
      3,
      2,
      1,
      2,
      5,
      4,
      3,
      2,
      3,
      6,
      5,
      4,
      3,
      4
    ],
    [
      5,
      4,
      3,
      2,
      1,
      4,
      3,
      2,
      1,
      0,
      5,
      4,
      3,
      2,
      1,
      6,
      5,
      4,
      3,
      2,
      7,
      6,
      5,
      4,
      3
    ],
    [
      2,
      3,
      4,
      5,
      6,
      1,
      2,
      3,
      4,
      5,
      0,
      1,
      2,
      3,
      4,
      1,
      2,
      3,
      4,
      5,
      2,
      3,
      4,
      5,
      6
    ],
    [
      3,
      2,
      3,
      4,
      5,
      2,
      1,
      2,
      3,
      4,
      1,
      0,
      1,
      2,
      3,
      2,
      1,
      2,
      3,
      4,
      3,
      2,
      3,
      4,
      5
    ],
    [
      4,
      3,
      2,
      3,
      4,
      3,
      2,
      1,
      2,
      3,
      2,
      1,
      0,
      1,
      2,
      3,
      2,
      1,
      2,
      3,
      4,
      3,
      2,
      3,
      4
    ],
    [
      5,
      4,
      3,
      2,
      3,
      4,
      3,
      2,
      1,
      2,
      3,
      2,
      1,
      0,
      1,
      4,
      3,
      2,
      1,
      2,
      5,
      4,
      3,
      2,
      3
    ],
    [
      6,
      5,
      4,
      3,
      2,
      5,
      4,
      3,
      2,
      1,
      4,
      3,
      2,
      1,
      0,
      5,
      4,
      3,
      2,
      1,
      6,
      5,
      4,
      3,
      2
    ],
    [
      3,
      4,
      5,
      6,
      7,
      2,
      3,
      4,
      5,
      6,
      1,
      2,
      3,
      4,
      5,
      0,
      1,
      2,
      3,
      4,
      1,
      2,
      3,
      4,
      5
    ],
    [
      4,
      3,
      4,
      5,
      6,
      3,
      2,
      3,
      4,
      5,
      2,
      1,
      2,
      3,
      4,
      1,
      0,
      1,
      2,
      3,
      2,
      1,
      2,
      3,
      4
    ],
    [
      5,
      4,
      3,
      4,
      5,
      4,
      3,
      2,
      3,
      4,
      3,
      2,
      1,
      2,
      3,
      2,
      1,
      0,
      1,
      2,
      3,
      2,
      1,
      2,
      3
    ],
    [
      6,
      5,
      4,
      3,
      4,
      5,
      4,
      3,
      2,
      3,
      4,
      3,
      2,
      1,
      2,
      3,
      2,
      1,
      0,
      1,
      4,
      3,
      2,
      1,
      2
    ],
    [
      7,
      6,
      5,
      4,
      3,
      6,
      5,
      4,
      3,
      2,
      5,
      4,
      3,
      2,
      1,
      4,
      3,
      2,
      1,
      0,
      5,
      4,
      3,
      2,
      1
    ],
    [
      4,
      5,
      6,
      7,
      8,
      3,
      4,
      5,
      6,
      7,
      2,
      3,
      4,
      5,
      6,
      1,
      2,
      3,
      4,
      5,
      0,
      1,
      2,
      3,
      4
    ],
    [
      5,
      4,
      5,
      6,
      7,
      4,
      3,
      4,
      5,
      6,
      3,
      2,
      3,
      4,
      5,
      2,
      1,
      2,
      3,
      4,
      1,
      0,
      1,
      2,
      3
    ],
    [
      6,
      5,
      4,
      5,
      6,
      5,
      4,
      3,
      4,
      5,
      4,
      3,
      2,
      3,
      4,
      3,
      2,
      1,
      2,
      3,
      2,
      1,
      0,
      1,
      2
    ],
    [
      7,
      6,
      5,
      4,
      5,
      6,
      5,
      4,
      3,
      4,
      5,
      4,
      3,
      2,
      3,
      4,
      3,
      2,
      1,
      2,
      3,
      2,
      1,
      0,
      1
    ],
    [
      8,
      7,
      6,
      5,
      4,
      7,
      6,
      5,
      4,
      3,
      6,
      5,
      4,
      3,
      2,
      5,
      4,
      3,
      2,
      1,
      4,
      3,
      2,
      1,
      0
    ]
  ],
  "weight": [
    [
      1,
      1,
      0.25,
      0.1111111119389534,
      0.0625,
      1,
      0.25,
      0.1111111119389534,
      0.0625,
      0.03999999910593033,
      0.25,
      0.1111111119389534,
      0.0625,
      0.03999999910593033,
      0.02777777798473835,
      0.1111111119389534,
      0.0625,
      0.03999999910593033,
      0.02777777798473835,
      0.020408162847161293,
      0.0625,
      0.03999999910593033,
      0.02777777798473835,
      0.020408162847161293,
      0.015625
    ],
    [
      1,
      1,
      1,
      0.25,
      0.1111111119389534,
      0.25,
      1,
      0.25,
      0.1111111119389534,
      0.0625,
      0.1111111119389534,
      0.25,
      0.1111111119389534,
      0.0625,
      0.03999999910593033,
      0.0625,
      0.1111111119389534,
      0.0625,
      0.03999999910593033,
      0.02777777798473835,
      0.03999999910593033,
      0.0625,
      0.03999999910593033,
      0.02777777798473835,
      0.020408162847161293
    ],
    [
      0.25,
      1,
      1,
      1,
      0.25,
      0.1111111119389534,
      0.25,
      1,
      0.25,
      0.1111111119389534,
      0.0625,
      0.1111111119389534,
      0.25,
      0.1111111119389534,
      0.0625,
      0.03999999910593033,
      0.0625,
      0.1111111119389534,
      0.0625,
      0.03999999910593033,
      0.02777777798473835,
      0.03999999910593033,
      0.0625,
      0.03999999910593033,
      0.02777777798473835
    ],
    [
      0.1111111119389534,
      0.25,
      1,
      1,
      1,
      0.0625,
      0.1111111119389534,
      0.25,
      1,
      0.25,
      0.03999999910593033,
      0.0625,
      0.1111111119389534,
      0.25,
      0.1111111119389534,
      0.02777777798473835,
      0.03999999910593033,
      0.0625,
      0.1111111119389534,
      0.0625,
      0.020408162847161293,
      0.02777777798473835,
      0.03999999910593033,
      0.0625,
      0.03999999910593033
    ],
    [
      0.0625,
      0.1111111119389534,
      0.25,
      1,
      1,
      0.03999999910593033,
      0.0625,
      0.1111111119389534,
      0.25,
      1,
      0.02777777798473835,
      0.03999999910593033,
      0.0625,
      0.1111111119389534,
      0.25,
      0.020408162847161293,
      0.02777777798473835,
      0.03999999910593033,
      0.0625,
      0.1111111119389534,
      0.015625,
      0.020408162847161293,
      0.02777777798473835,
      0.03999999910593033,
      0.0625
    ],
    [
      1,
      0.25,
      0.1111111119389534,
      0.0625,
      0.03999999910593033,
      1,
      1,
      0.25,
      0.1111111119389534,
      0.0625,
      1,
      0.25,
      0.1111111119389534,
      0.0625,
      0.03999999910593033,
      0.25,
      0.1111111119389534,
      0.0625,
      0.03999999910593033,
      0.02777777798473835,
      0.1111111119389534,
      0.0625,
      0.03999999910593033,
      0.02777777798473835,
      0.020408162847161293
    ],
    [
      0.25,
      1,
      0.25,
      0.1111111119389534,
      0.0625,
      1,
      1,
      1,
      0.25,
      0.1111111119389534,
      0.25,
      1,
      0.25,
      0.1111111119389534,
      0.0625,
      0.1111111119389534,
      0.25,
      0.1111111119389534,
      0.0625,
      0.03999999910593033,
      0.0625,
      0.1111111119389534,
      0.0625,
      0.03999999910593033,
      0.02777777798473835
    ],
    [
      0.1111111119389534,
      0.25,
      1,
      0.25,
      0.1111111119389534,
      0.25,
      1,
      1,
      1,
      0.25,
      0.1111111119389534,
      0.25,
      1,
      0.25,
      0.1111111119389534,
      0.0625,
      0.1111111119389534,
      0.25,
      0.1111111119389534,
      0.0625,
      0.03999999910593033,
      0.0625,
      0.1111111119389534,
      0.0625,
      0.03999999910593033
    ],
    [
      0.0625,
      0.1111111119389534,
      0.25,
      1,
      0.25,
      0.1111111119389534,
      0.25,
      1,
      1,
      1,
      0.0625,
      0.1111111119389534,
      0.25,
      1,
      0.25,
      0.03999999910593033,
      0.0625,
      0.1111111119389534,
      0.25,
      0.1111111119389534,
      0.02777777798473835,
      0.03999999910593033,
      0.0625,
      0.1111111119389534,
      0.0625
    ],
    [
      0.03999999910593033,
      0.0625,
      0.1111111119389534,
      0.25,
      1,
      0.0625,
      0.1111111119389534,
      0.25,
      1,
      1,
      0.03999999910593033,
      0.0625,
      0.1111111119389534,
      0.25,
      1,
      0.02777777798473835,
      0.03999999910593033,
      0.0625,
      0.1111111119389534,
      0.25,
      0.020408162847161293,
      0.02777777798473835,
      0.03999999910593033,
      0.0625,
      0.1111111119389534
    ],
    [
      0.25,
      0.1111111119389534,
      0.0625,
      0.03999999910593033,
      0.02777777798473835,
      1,
      0.25,
      0.1111111119389534,
      0.0625,
      0.03999999910593033,
      1,
      1,
      0.25,
      0.1111111119389534,
      0.0625,
      1,
      0.25,
      0.1111111119389534,
      0.0625,
      0.03999999910593033,
      0.25,
      0.1111111119389534,
      0.0625,
      0.03999999910593033,
      0.02777777798473835
    ],
    [
      0.1111111119389534,
      0.25,
      0.1111111119389534,
      0.0625,
      0.03999999910593033,
      0.25,
      1,
      0.25,
      0.1111111119389534,
      0.0625,
      1,
      1,
      1,
      0.25,
      0.1111111119389534,
      0.25,
      1,
      0.25,
      0.1111111119389534,
      0.0625,
      0.1111111119389534,
      0.25,
      0.1111111119389534,
      0.0625,
      0.03999999910593033
    ],
    [
      0.0625,
      0.1111111119389534,
      0.25,
      0.1111111119389534,
      0.0625,
      0.1111111119389534,
      0.25,
      1,
      0.25,
      0.1111111119389534,
      0.25,
      1,
      1,
      1,
      0.25,
      0.1111111119389534,
      0.25,
      1,
      0.25,
      0.1111111119389534,
      0.0625,
      0.1111111119389534,
      0.25,
      0.1111111119389534,
      0.0625
    ],
    [
      0.03999999910593033,
      0.0625,
      0.1111111119389534,
      0.25,
      0.1111111119389534,
      0.0625,
      0.1111111119389534,
      0.25,
      1,
      0.25,
      0.1111111119389534,
      0.25,
      1,
      1,
      1,
      0.0625,
      0.1111111119389534,
      0.25,
      1,
      0.25,
      0.03999999910593033,
      0.0625,
      0.1111111119389534,
      0.25,
      0.1111111119389534
    ],
    [
      0.02777777798473835,
      0.03999999910593033,
      0.0625,
      0.1111111119389534,
      0.25,
      0.03999999910593033,
      0.0625,
      0.1111111119389534,
      0.25,
      1,
      0.0625,
      0.1111111119389534,
      0.25,
      1,
      1,
      0.03999999910593033,
      0.0625,
      0.1111111119389534,
      0.25,
      1,
      0.02777777798473835,
      0.03999999910593033,
      0.0625,
      0.1111111119389534,
      0.25
    ],
    [
      0.1111111119389534,
      0.0625,
      0.03999999910593033,
      0.02777777798473835,
      0.020408162847161293,
      0.25,
      0.1111111119389534,
      0.0625,
      0.03999999910593033,
      0.02777777798473835,
      1,
      0.25,
      0.1111111119389534,
      0.0625,
      0.03999999910593033,
      1,
      1,
      0.25,
      0.1111111119389534,
      0.0625,
      1,
      0.25,
      0.1111111119389534,
      0.0625,
      0.03999999910593033
    ],
    [
      0.0625,
      0.1111111119389534,
      0.0625,
      0.03999999910593033,
      0.02777777798473835,
      0.1111111119389534,
      0.25,
      0.1111111119389534,
      0.0625,
      0.03999999910593033,
      0.25,
      1,
      0.25,
      0.1111111119389534,
      0.0625,
      1,
      1,
      1,
      0.25,
      0.1111111119389534,
      0.25,
      1,
      0.25,
      0.1111111119389534,
      0.0625
    ],
    [
      0.03999999910593033,
      0.0625,
      0.1111111119389534,
      0.0625,
      0.03999999910593033,
      0.0625,
      0.1111111119389534,
      0.25,
      0.1111111119389534,
      0.0625,
      0.1111111119389534,
      0.25,
      1,
      0.25,
      0.1111111119389534,
      0.25,
      1,
      1,
      1,
      0.25,
      0.1111111119389534,
      0.25,
      1,
      0.25,
      0.1111111119389534
    ],
    [
      0.02777777798473835,
      0.03999999910593033,
      0.0625,
      0.1111111119389534,
      0.0625,
      0.03999999910593033,
      0.0625,
      0.1111111119389534,
      0.25,
      0.1111111119389534,
      0.0625,
      0.1111111119389534,
      0.25,
      1,
      0.25,
      0.1111111119389534,
      0.25,
      1,
      1,
      1,
      0.0625,
      0.1111111119389534,
      0.25,
      1,
      0.25
    ],
    [
      0.020408162847161293,
      0.02777777798473835,
      0.03999999910593033,
      0.0625,
      0.1111111119389534,
      0.02777777798473835,
      0.03999999910593033,
      0.0625,
      0.1111111119389534,
      0.25,
      0.03999999910593033,
      0.0625,
      0.1111111119389534,
      0.25,
      1,
      0.0625,
      0.1111111119389534,
      0.25,
      1,
      1,
      0.03999999910593033,
      0.0625,
      0.1111111119389534,
      0.25,
      1
    ],
    [
      0.0625,
      0.03999999910593033,
      0.02777777798473835,
      0.020408162847161293,
      0.015625,
      0.1111111119389534,
      0.0625,
      0.03999999910593033,
      0.02777777798473835,
      0.020408162847161293,
      0.25,
      0.1111111119389534,
      0.0625,
      0.03999999910593033,
      0.02777777798473835,
      1,
      0.25,
      0.1111111119389534,
      0.0625,
      0.03999999910593033,
      1,
      1,
      0.25,
      0.1111111119389534,
      0.0625
    ],
    [
      0.03999999910593033,
      0.0625,
      0.03999999910593033,
      0.02777777798473835,
      0.020408162847161293,
      0.0625,
      0.1111111119389534,
      0.0625,
      0.03999999910593033,
      0.02777777798473835,
      0.1111111119389534,
      0.25,
      0.1111111119389534,
      0.0625,
      0.03999999910593033,
      0.25,
      1,
      0.25,
      0.1111111119389534,
      0.0625,
      1,
      1,
      1,
      0.25,
      0.1111111119389534
    ],
    [
      0.02777777798473835,
      0.03999999910593033,
      0.0625,
      0.03999999910593033,
      0.02777777798473835,
      0.03999999910593033,
      0.0625,
      0.1111111119389534,
      0.0625,
      0.03999999910593033,
      0.0625,
      0.1111111119389534,
      0.25,
      0.1111111119389534,
      0.0625,
      0.1111111119389534,
      0.25,
      1,
      0.25,
      0.1111111119389534,
      0.25,
      1,
      1,
      1,
      0.25
    ],
    [
      0.020408162847161293,
      0.02777777798473835,
      0.03999999910593033,
      0.0625,
      0.03999999910593033,
      0.02777777798473835,
      0.03999999910593033,
      0.0625,
      0.1111111119389534,
      0.0625,
      0.03999999910593033,
      0.0625,
      0.1111111119389534,
      0.25,
      0.1111111119389534,
      0.0625,
      0.1111111119389534,
      0.25,
      1,
      0.25,
      0.1111111119389534,
      0.25,
      1,
      1,
      1
    ],
    [
      0.015625,
      0.020408162847161293,
      0.02777777798473835,
      0.03999999910593033,
      0.0625,
      0.020408162847161293,
      0.02777777798473835,
      0.03999999910593033,
      0.0625,
      0.1111111119389534,
      0.02777777798473835,
      0.03999999910593033,
      0.0625,
      0.1111111119389534,
      0.25,
      0.03999999910593033,
      0.0625,
      0.1111111119389534,
      0.25,
      1,
      0.0625,
      0.1111111119389534,
      0.25,
      1,
      1
    ]
  ]
}