{
  "nodes": [
    {
      "index": 0,
      "id": "(0, 0)"
    },
    {
      "index": 1,
      "id": "(0, 1)"
    },
    {
      "index": 2,
      "id": "(0, 2)"
    },
    {
      "index": 3,
      "id": "(0, 3)"
    },
    {
      "index": 4,
      "id": "(0, 4)"
    },
    {
      "index": 5,
      "id": "(1, 0)"
    },
    {
      "index": 6,
      "id": "(1, 1)"
    },
    {
      "index": 7,
      "id": "(1, 2)"
    },
    {
      "index": 8,
      "id": "(1, 3)"
    },
    {
      "index": 9,
      "id": "(1, 4)"
    },
    {
      "index": 10,
      "id": "(2, 0)"
    },
    {
      "index": 11,
      "id": "(2, 1)"
    },
    {
      "index": 12,
      "id": "(2, 2)"
    },
    {
      "index": 13,
      "id": "(2, 3)"
    },
    {
      "index": 14,
      "id": "(2, 4)"
    },
    {
      "index": 15,
      "id": "(3, 0)"
    },
    {
      "index": 16,
      "id": "(3, 1)"
    },
    {
      "index": 17,
      "id": "(3, 2)"
    },
    {
      "index": 18,
      "id": "(3, 3)"
    },
    {
      "index": 19,
      "id": "(3, 4)"
    },
    {
      "index": 20,
      "id": "(4, 0)"
    },
    {
      "index": 21,
      "id": "(4, 1)"
    },
    {
      "index": 22,
      "id": "(4, 2)"
    },
    {
      "index": 23,
      "id": "(4, 3)"
    },
    {
      "index": 24,
      "id": "(4, 4)"
    }
  ],
  "edges": [
    {
      "source": "(0, 0)",
      "target": "(1, 0)"
    },
    {
      "source": "(0, 0)",
      "target": "(0, 1)"
    },
    {
      "source": "(0, 1)",
      "target": "(1, 1)"
    },
    {
      "source": "(0, 1)",
      "target": "(0, 2)"
    },
    {
      "source": "(0, 2)",
      "target": "(1, 2)"
    },
    {
      "source": "(0, 2)",
      "target": "(0, 3)"
    },
    {
      "source": "(0, 3)",
      "target": "(1, 3)"
    },
    {
      "source": "(0, 3)",
      "target": "(0, 4)"
    },
    {
      "source": "(0, 4)",
      "target": "(1, 4)"
    },
    {
      "source": "(1, 0)",
      "target": "(2, 0)"
    },
    {
      "source": "(1, 0)",
      "target": "(1, 1)"
    },
    {
      "source": "(1, 1)",
      "target": "(2, 1)"
    },
    {
      "source": "(1, 1)",
      "target": "(1, 2)"
    },
    {
      "source": "(1, 2)",
      "target": "(2, 2)"
    },
    {
      "source": "(1, 2)",
      "target": "(1, 3)"
    },
    {
      "source": "(1, 3)",
      "target": "(2, 3)"
    },
    {
      "source": "(1, 3)",
      "target": "(1, 4)"
    },
    {
      "source": "(1, 4)",
      "target": "(2, 4)"
    },
    {
      "source": "(2, 0)",
      "target": "(3, 0)"
    },
    {
      "source": "(2, 0)",
      "target": "(2, 1)"
    },
    {
      "source": "(2, 1)",
      "target": "(3, 1)"
    },
    {
      "source": "(2, 1)",
      "target": "(2, 2)"
    },
    {
      "source": "(2, 2)",
      "target": "(3, 2)"
    },
    {
      "source": "(2, 2)",
      "target": "(2, 3)"
    },
    {
      "source": "(2, 3)",
      "target": "(3, 3)"
    },
    {
      "source": "(2, 3)",
      "target": "(2, 4)"
    },
    {
      "source": "(2, 4)",
      "target": "(3, 4)"
    },
    {
      "source": "(3, 0)",
      "target": "(4, 0)"
    },
    {
      "source": "(3, 0)",
      "target": "(3, 1)"
    },
    {
      "source": "(3, 1)",
      "target": "(4, 1)"
    },
    {
      "source": "(3, 1)",
      "target": "(3, 2)"
    },
    {
      "source": "(3, 2)",
      "target": "(4, 2)"
    },
    {
      "source": "(3, 2)",
      "target": "(3, 3)"
    },
    {
      "source": "(3, 3)",
      "target": "(4, 3)"
    },
    {
      "source": "(3, 3)",
      "target": "(3, 4)"
    },
    {
      "source": "(3, 4)",
      "target": "(4, 4)"
    },
    {
      "source": "(4, 0)",
      "target": "(4, 1)"
    },
    {
      "source": "(4, 1)",
      "target": "(4, 2)"
    },
    {
      "source": "(4, 2)",
      "target": "(4, 3)"
    },
    {
      "source": "(4, 3)",
      "target": "(4, 4)"
    }
  ],
  "weight": [
    [
      1.0,
      1.0,
      0.25,
      0.1111111119389534,
      0.0625,
      1.0,
      0.25,
      0.1111111119389534,
      0.0625,
      0.03999999910593033,
      0.25,
      0.1111111119389534,
      0.0625,
      0.03999999910593033,
      0.02777777798473835,
      0.1111111119389534,
      0.0625,
      0.03999999910593033,
      0.02777777798473835,
      0.020408162847161293,
      0.0625,
      0.03999999910593033,
      0.02777777798473835,
      0.020408162847161293,
      0.015625
    ],
    [
      1.0,
      1.0,
      1.0,
      0.25,
      0.1111111119389534,
      0.25,
      1.0,
      0.25,
      0.1111111119389534,
      0.0625,
      0.1111111119389534,
      0.25,
      0.1111111119389534,
      0.0625,
      0.03999999910593033,
      0.0625,
      0.1111111119389534,
      0.0625,
      0.03999999910593033,
      0.02777777798473835,
      0.03999999910593033,
      0.0625,
      0.03999999910593033,
      0.02777777798473835,
      0.020408162847161293
    ],
    [
      0.25,
      1.0,
      1.0,
      1.0,
      0.25,
      0.1111111119389534,
      0.25,
      1.0,
      0.25,
      0.1111111119389534,
      0.0625,
      0.1111111119389534,
      0.25,
      0.1111111119389534,
      0.0625,
      0.03999999910593033,
      0.0625,
      0.1111111119389534,
      0.0625,
      0.03999999910593033,
      0.02777777798473835,
      0.03999999910593033,
      0.0625,
      0.03999999910593033,
      0.02777777798473835
    ],
    [
      0.1111111119389534,
      0.25,
      1.0,
      1.0,
      1.0,
      0.0625,
      0.1111111119389534,
      0.25,
      1.0,
      0.25,
      0.03999999910593033,
      0.0625,
      0.1111111119389534,
      0.25,
      0.1111111119389534,
      0.02777777798473835,
      0.03999999910593033,
      0.0625,
      0.1111111119389534,
      0.0625,
      0.020408162847161293,
      0.02777777798473835,
      0.03999999910593033,
      0.0625,
      0.03999999910593033
    ],
    [
      0.0625,
      0.1111111119389534,
      0.25,
      1.0,
      1.0,
      0.03999999910593033,
      0.0625,
      0.1111111119389534,
      0.25,
      1.0,
      0.02777777798473835,
      0.03999999910593033,
      0.0625,
      0.1111111119389534,
      0.25,
      0.020408162847161293,
      0.02777777798473835,
      0.03999999910593033,
      0.0625,
      0.1111111119389534,
      0.015625,
      0.020408162847161293,
      0.02777777798473835,
      0.03999999910593033,
      0.0625
    ],
    [
      1.0,
      0.25,
      0.1111111119389534,
      0.0625,
      0.03999999910593033,
      1.0,
      1.0,
      0.25,
      0.1111111119389534,
      0.0625,
      1.0,
      0.25,
      0.1111111119389534,
      0.0625,
      0.03999999910593033,
      0.25,
      0.1111111119389534,
      0.0625,
      0.03999999910593033,
      0.02777777798473835,
      0.1111111119389534,
      0.0625,
      0.03999999910593033,
      0.02777777798473835,
      0.020408162847161293
    ],
    [
      0.25,
      1.0,
      0.25,
      0.1111111119389534,
      0.0625,
      1.0,
      1.0,
      1.0,
      0.25,
      0.1111111119389534,
      0.25,
      1.0,
      0.25,
      0.1111111119389534,
      0.0625,
      0.1111111119389534,
      0.25,
      0.1111111119389534,
      0.0625,
      0.03999999910593033,
      0.0625,
      0.1111111119389534,
      0.0625,
      0.03999999910593033,
      0.02777777798473835
    ],
    [
      0.1111111119389534,
      0.25,
      1.0,
      0.25,
      0.1111111119389534,
      0.25,
      1.0,
      1.0,
      1.0,
      0.25,
      0.1111111119389534,
      0.25,
      1.0,
      0.25,
      0.1111111119389534,
      0.0625,
      0.1111111119389534,
      0.25,
      0.1111111119389534,
      0.0625,
      0.03999999910593033,
      0.0625,
      0.1111111119389534,
      0.0625,
      0.03999999910593033
    ],
    [
      0.0625,
      0.1111111119389534,
      0.25,
      1.0,
      0.25,
      0.1111111119389534,
      0.25,
      1.0,
      1.0,
      1.0,
      0.0625,
      0.1111111119389534,
      0.25,
      1.0,
      0.25,
      0.03999999910593033,
      0.0625,
      0.1111111119389534,
      0.25,
      0.1111111119389534,
      0.02777777798473835,
      0.03999999910593033,
      0.0625,
      0.1111111119389534,
      0.0625
    ],
    [
      0.03999999910593033,
      0.0625,
      0.1111111119389534,
      0.25,
      1.0,
      0.0625,
      0.1111111119389534,
      0.25,
      1.0,
      1.0,
      0.03999999910593033,
      0.0625,
      0.1111111119389534,
      0.25,
      1.0,
      0.02777777798473835,
      0.03999999910593033,
      0.0625,
      0.1111111119389534,
      0.25,
      0.020408162847161293,
      0.02777777798473835,
      0.03999999910593033,
      0.0625,
      0.1111111119389534
    ],
    [
      0.25,
      0.1111111119389534,
      0.0625,
      0.03999999910593033,
      0.02777777798473835,
      1.0,
      0.25,
      0.1111111119389534,
      0.0625,
      0.03999999910593033,
      1.0,
      1.0,
      0.25,
      0.1111111119389534,
      0.0625,
      1.0,
      0.25,
      0.1111111119389534,
      0.0625,
      0.03999999910593033,
      0.25,
      0.1111111119389534,
      0.0625,
      0.03999999910593033,
      0.02777777798473835
    ],
    [
      0.1111111119389534,
      0.25,
      0.1111111119389534,
      0.0625,
      0.03999999910593033,
      0.25,
      1.0,
      0.25,
      0.1111111119389534,
      0.0625,
      1.0,
      1.0,
      1.0,
      0.25,
      0.1111111119389534,
      0.25,
      1.0,
      0.25,
      0.1111111119389534,
      0.0625,
      0.1111111119389534,
      0.25,
      0.1111111119389534,
      0.0625,
      0.03999999910593033
    ],
    [
      0.0625,
      0.1111111119389534,
      0.25,
      0.1111111119389534,
      0.0625,
      0.1111111119389534,
      0.25,
      1.0,
      0.25,
      0.1111111119389534,
      0.25,
      1.0,
      1.0,
      1.0,
      0.25,
      0.1111111119389534,
      0.25,
      1.0,
      0.25,
      0.1111111119389534,
      0.0625,
      0.1111111119389534,
      0.25,
      0.1111111119389534,
      0.0625
    ],
    [
      0.03999999910593033,
      0.0625,
      0.1111111119389534,
      0.25,
      0.1111111119389534,
      0.0625,
      0.1111111119389534,
      0.25,
      1.0,
      0.25,
      0.1111111119389534,
      0.25,
      1.0,
      1.0,
      1.0,
      0.0625,
      0.1111111119389534,
      0.25,
      1.0,
      0.25,
      0.03999999910593033,
      0.0625,
      0.1111111119389534,
      0.25,
      0.1111111119389534
    ],
    [
      0.02777777798473835,
      0.03999999910593033,
      0.0625,
      0.1111111119389534,
      0.25,
      0.03999999910593033,
      0.0625,
      0.1111111119389534,
      0.25,
      1.0,
      0.0625,
      0.1111111119389534,
      0.25,
      1.0,
      1.0,
      0.03999999910593033,
      0.0625,
      0.1111111119389534,
      0.25,
      1.0,
      0.02777777798473835,
      0.03999999910593033,
      0.0625,
      0.1111111119389534,
      0.25
    ],
    [
      0.1111111119389534,
      0.0625,
      0.03999999910593033,
      0.02777777798473835,
      0.020408162847161293,
      0.25,
      0.1111111119389534,
      0.0625,
      0.03999999910593033,
      0.02777777798473835,
      1.0,
      0.25,
      0.1111111119389534,
      0.0625,
      0.03999999910593033,
      1.0,
      1.0,
      0.25,
      0.1111111119389534,
      0.0625,
      1.0,
      0.25,
      0.1111111119389534,
      0.0625,
      0.03999999910593033
    ],
    [
      0.0625,
      0.1111111119389534,
      0.0625,
      0.03999999910593033,
      0.02777777798473835,
      0.1111111119389534,
      0.25,
      0.1111111119389534,
      0.0625,
      0.03999999910593033,
      0.25,
      1.0,
      0.25,
      0.1111111119389534,
      0.0625,
      1.0,
      1.0,
      1.0,
      0.25,
      0.1111111119389534,
      0.25,
      1.0,
      0.25,
      0.1111111119389534,
      0.0625
    ],
    [
      0.03999999910593033,
      0.0625,
      0.1111111119389534,
      0.0625,
      0.03999999910593033,
      0.0625,
      0.1111111119389534,
      0.25,
      0.1111111119389534,
      0.0625,
      0.1111111119389534,
      0.25,
      1.0,
      0.25,
      0.1111111119389534,
      0.25,
      1.0,
      1.0,
      1.0,
      0.25,
      0.1111111119389534,
      0.25,
      1.0,
      0.25,
      0.1111111119389534
    ],
    [
      0.02777777798473835,
      0.03999999910593033,
      0.0625,
      0.1111111119389534,
      0.0625,
      0.03999999910593033,
      0.0625,
      0.1111111119389534,
      0.25,
      0.1111111119389534,
      0.0625,
      0.1111111119389534,
      0.25,
      1.0,
      0.25,
      0.1111111119389534,
      0.25,
      1.0,
      1.0,
      1.0,
      0.0625,
      0.1111111119389534,
      0.25,
      1.0,
      0.25
    ],
    [
      0.020408162847161293,
      0.02777777798473835,
      0.03999999910593033,
      0.0625,
      0.1111111119389534,
      0.02777777798473835,
      0.03999999910593033,
      0.0625,
      0.1111111119389534,
      0.25,
      0.03999999910593033,
      0.0625,
      0.1111111119389534,
      0.25,
      1.0,
      0.0625,
      0.1111111119389534,
      0.25,
      1.0,
      1.0,
      0.03999999910593033,
      0.0625,
      0.1111111119389534,
      0.25,
      1.0
    ],
    [
      0.0625,
      0.03999999910593033,
      0.02777777798473835,
      0.020408162847161293,
      0.015625,
      0.1111111119389534,
      0.0625,
      0.03999999910593033,
      0.02777777798473835,
      0.020408162847161293,
      0.25,
      0.1111111119389534,
      0.0625,
      0.03999999910593033,
      0.02777777798473835,
      1.0,
      0.25,
      0.1111111119389534,
      0.0625,
      0.03999999910593033,
      1.0,
      1.0,
      0.25,
      0.1111111119389534,
      0.0625
    ],
    [
      0.03999999910593033,
      0.0625,
      0.03999999910593033,
      0.02777777798473835,
      0.020408162847161293,
      0.0625,
      0.1111111119389534,
      0.0625,
      0.03999999910593033,
      0.02777777798473835,
      0.1111111119389534,
      0.25,
      0.1111111119389534,
      0.0625,
      0.03999999910593033,
      0.25,
      1.0,
      0.25,
      0.1111111119389534,
      0.0625,
      1.0,
      1.0,
      1.0,
      0.25,
      0.1111111119389534
    ],
    [
      0.02777777798473835,
      0.03999999910593033,
      0.0625,
      0.03999999910593033,
      0.02777777798473835,
      0.03999999910593033,
      0.0625,
      0.1111111119389534,
      0.0625,
      0.03999999910593033,
      0.0625,
      0.1111111119389534,
      0.25,
      0.1111111119389534,
      0.0625,
      0.1111111119389534,
      0.25,
      1.0,
      0.25,
      0.1111111119389534,
      0.25,
      1.0,
      1.0,
      1.0,
      0.25
    ],
    [
      0.020408162847161293,
      0.02777777798473835,
      0.03999999910593033,
      0.0625,
      0.03999999910593033,
      0.02777777798473835,
      0.03999999910593033,
      0.0625,
      0.1111111119389534,
      0.0625,
      0.03999999910593033,
      0.0625,
      0.1111111119389534,
      0.25,
      0.1111111119389534,
      0.0625,
      0.1111111119389534,
      0.25,
      1.0,
      0.25,
      0.1111111119389534,
      0.25,
      1.0,
      1.0,
      1.0
    ],
    [
      0.015625,
      0.020408162847161293,
      0.02777777798473835,
      0.03999999910593033,
      0.0625,
      0.020408162847161293,
      0.02777777798473835,
      0.03999999910593033,
      0.0625,
      0.1111111119389534,
      0.02777777798473835,
      0.03999999910593033,
      0.0625,
      0.1111111119389534,
      0.25,
      0.03999999910593033,
      0.0625,
      0.1111111119389534,
      0.25,
      1.0,
      0.0625,
      0.1111111119389534,
      0.25,
      1.0,
      1.0
    ]
  ],
  "graphDistance": [
    [
      0.0,
      1.0,
      2.0,
      3.0,
      4.0,
      1.0,
      2.0,
      3.0,
      4.0,
      5.0,
      2.0,
      3.0,
      4.0,
      5.0,
      6.0,
      3.0,
      4.0,
      5.0,
      6.0,
      7.0,
      4.0,
      5.0,
      6.0,
      7.0,
      8.0
    ],
    [
      1.0,
      0.0,
      1.0,
      2.0,
      3.0,
      2.0,
      1.0,
      2.0,
      3.0,
      4.0,
      3.0,
      2.0,
      3.0,
      4.0,
      5.0,
      4.0,
      3.0,
      4.0,
      5.0,
      6.0,
      5.0,
      4.0,
      5.0,
      6.0,
      7.0
    ],
    [
      2.0,
      1.0,
      0.0,
      1.0,
      2.0,
      3.0,
      2.0,
      1.0,
      2.0,
      3.0,
      4.0,
      3.0,
      2.0,
      3.0,
      4.0,
      5.0,
      4.0,
      3.0,
      4.0,
      5.0,
      6.0,
      5.0,
      4.0,
      5.0,
      6.0
    ],
    [
      3.0,
      2.0,
      1.0,
      0.0,
      1.0,
      4.0,
      3.0,
      2.0,
      1.0,
      2.0,
      5.0,
      4.0,
      3.0,
      2.0,
      3.0,
      6.0,
      5.0,
      4.0,
      3.0,
      4.0,
      7.0,
      6.0,
      5.0,
      4.0,
      5.0
    ],
    [
      4.0,
      3.0,
      2.0,
      1.0,
      0.0,
      5.0,
      4.0,
      3.0,
      2.0,
      1.0,
      6.0,
      5.0,
      4.0,
      3.0,
      2.0,
      7.0,
      6.0,
      5.0,
      4.0,
      3.0,
      8.0,
      7.0,
      6.0,
      5.0,
      4.0
    ],
    [
      1.0,
      2.0,
      3.0,
      4.0,
      5.0,
      0.0,
      1.0,
      2.0,
      3.0,
      4.0,
      1.0,
      2.0,
      3.0,
      4.0,
      5.0,
      2.0,
      3.0,
      4.0,
      5.0,
      6.0,
      3.0,
      4.0,
      5.0,
      6.0,
      7.0
    ],
    [
      2.0,
      1.0,
      2.0,
      3.0,
      4.0,
      1.0,
      0.0,
      1.0,
      2.0,
      3.0,
      2.0,
      1.0,
      2.0,
      3.0,
      4.0,
      3.0,
      2.0,
      3.0,
      4.0,
      5.0,
      4.0,
      3.0,
      4.0,
      5.0,
      6.0
    ],
    [
      3.0,
      2.0,
      1.0,
      2.0,
      3.0,
      2.0,
      1.0,
      0.0,
      1.0,
      2.0,
      3.0,
      2.0,
      1.0,
      2.0,
      3.0,
      4.0,
      3.0,
      2.0,
      3.0,
      4.0,
      5.0,
      4.0,
      3.0,
      4.0,
      5.0
    ],
    [
      4.0,
      3.0,
      2.0,
      1.0,
      2.0,
      3.0,
      2.0,
      1.0,
      0.0,
      1.0,
      4.0,
      3.0,
      2.0,
      1.0,
      2.0,
      5.0,
      4.0,
      3.0,
      2.0,
      3.0,
      6.0,
      5.0,
      4.0,
      3.0,
      4.0
    ],
    [
      5.0,
      4.0,
      3.0,
      2.0,
      1.0,
      4.0,
      3.0,
      2.0,
      1.0,
      0.0,
      5.0,
      4.0,
      3.0,
      2.0,
      1.0,
      6.0,
      5.0,
      4.0,
      3.0,
      2.0,
      7.0,
      6.0,
      5.0,
      4.0,
      3.0
    ],
    [
      2.0,
      3.0,
      4.0,
      5.0,
      6.0,
      1.0,
      2.0,
      3.0,
      4.0,
      5.0,
      0.0,
      1.0,
      2.0,
      3.0,
      4.0,
      1.0,
      2.0,
      3.0,
      4.0,
      5.0,
      2.0,
      3.0,
      4.0,
      5.0,
      6.0
    ],
    [
      3.0,
      2.0,
      3.0,
      4.0,
      5.0,
      2.0,
      1.0,
      2.0,
      3.0,
      4.0,
      1.0,
      0.0,
      1.0,
      2.0,
      3.0,
      2.0,
      1.0,
      2.0,
      3.0,
      4.0,
      3.0,
      2.0,
      3.0,
      4.0,
      5.0
    ],
    [
      4.0,
      3.0,
      2.0,
      3.0,
      4.0,
      3.0,
      2.0,
      1.0,
      2.0,
      3.0,
      2.0,
      1.0,
      0.0,
      1.0,
      2.0,
      3.0,
      2.0,
      1.0,
      2.0,
      3.0,
      4.0,
      3.0,
      2.0,
      3.0,
      4.0
    ],
    [
      5.0,
      4.0,
      3.0,
      2.0,
      3.0,
      4.0,
      3.0,
      2.0,
      1.0,
      2.0,
      3.0,
      2.0,
      1.0,
      0.0,
      1.0,
      4.0,
      3.0,
      2.0,
      1.0,
      2.0,
      5.0,
      4.0,
      3.0,
      2.0,
      3.0
    ],
    [
      6.0,
      5.0,
      4.0,
      3.0,
      2.0,
      5.0,
      4.0,
      3.0,
      2.0,
      1.0,
      4.0,
      3.0,
      2.0,
      1.0,
      0.0,
      5.0,
      4.0,
      3.0,
      2.0,
      1.0,
      6.0,
      5.0,
      4.0,
      3.0,
      2.0
    ],
    [
      3.0,
      4.0,
      5.0,
      6.0,
      7.0,
      2.0,
      3.0,
      4.0,
      5.0,
      6.0,
      1.0,
      2.0,
      3.0,
      4.0,
      5.0,
      0.0,
      1.0,
      2.0,
      3.0,
      4.0,
      1.0,
      2.0,
      3.0,
      4.0,
      5.0
    ],
    [
      4.0,
      3.0,
      4.0,
      5.0,
      6.0,
      3.0,
      2.0,
      3.0,
      4.0,
      5.0,
      2.0,
      1.0,
      2.0,
      3.0,
      4.0,
      1.0,
      0.0,
      1.0,
      2.0,
      3.0,
      2.0,
      1.0,
      2.0,
      3.0,
      4.0
    ],
    [
      5.0,
      4.0,
      3.0,
      4.0,
      5.0,
      4.0,
      3.0,
      2.0,
      3.0,
      4.0,
      3.0,
      2.0,
      1.0,
      2.0,
      3.0,
      2.0,
      1.0,
      0.0,
      1.0,
      2.0,
      3.0,
      2.0,
      1.0,
      2.0,
      3.0
    ],
    [
      6.0,
      5.0,
      4.0,
      3.0,
      4.0,
      5.0,
      4.0,
      3.0,
      2.0,
      3.0,
      4.0,
      3.0,
      2.0,
      1.0,
      2.0,
      3.0,
      2.0,
      1.0,
      0.0,
      1.0,
      4.0,
      3.0,
      2.0,
      1.0,
      2.0
    ],
    [
      7.0,
      6.0,
      5.0,
      4.0,
      3.0,
      6.0,
      5.0,
      4.0,
      3.0,
      2.0,
      5.0,
      4.0,
      3.0,
      2.0,
      1.0,
      4.0,
      3.0,
      2.0,
      1.0,
      0.0,
      5.0,
      4.0,
      3.0,
      2.0,
      1.0
    ],
    [
      4.0,
      5.0,
      6.0,
      7.0,
      8.0,
      3.0,
      4.0,
      5.0,
      6.0,
      7.0,
      2.0,
      3.0,
      4.0,
      5.0,
      6.0,
      1.0,
      2.0,
      3.0,
      4.0,
      5.0,
      0.0,
      1.0,
      2.0,
      3.0,
      4.0
    ],
    [
      5.0,
      4.0,
      5.0,
      6.0,
      7.0,
      4.0,
      3.0,
      4.0,
      5.0,
      6.0,
      3.0,
      2.0,
      3.0,
      4.0,
      5.0,
      2.0,
      1.0,
      2.0,
      3.0,
      4.0,
      1.0,
      0.0,
      1.0,
      2.0,
      3.0
    ],
    [
      6.0,
      5.0,
      4.0,
      5.0,
      6.0,
      5.0,
      4.0,
      3.0,
      4.0,
      5.0,
      4.0,
      3.0,
      2.0,
      3.0,
      4.0,
      3.0,
      2.0,
      1.0,
      2.0,
      3.0,
      2.0,
      1.0,
      0.0,
      1.0,
      2.0
    ],
    [
      7.0,
      6.0,
      5.0,
      4.0,
      5.0,
      6.0,
      5.0,
      4.0,
      3.0,
      4.0,
      5.0,
      4.0,
      3.0,
      2.0,
      3.0,
      4.0,
      3.0,
      2.0,
      1.0,
      2.0,
      3.0,
      2.0,
      1.0,
      0.0,
      1.0
    ],
    [
      8.0,
      7.0,
      6.0,
      5.0,
      4.0,
      7.0,
      6.0,
      5.0,
      4.0,
      3.0,
      6.0,
      5.0,
      4.0,
      3.0,
      2.0,
      5.0,
      4.0,
      3.0,
      2.0,
      1.0,
      4.0,
      3.0,
      2.0,
      1.0,
      0.0
    ]
  ],
  "initPositions": null
}