{
  "nodes": [
    {
      "index": 0,
      "id": "(0, 0)",
      "x": 1.653823971748352,
      "y": 2.95316743850708
    },
    {
      "index": 1,
      "id": "(0, 1)",
      "x": 0.8754477500915527,
      "y": 2.626267194747925
    },
    {
      "index": 2,
      "id": "(0, 2)",
      "x": 0.10039918124675751,
      "y": 2.2943153381347656
    },
    {
      "index": 3,
      "id": "(0, 3)",
      "x": -0.6728422045707703,
      "y": 1.9581748247146606
    },
    {
      "index": 4,
      "id": "(0, 4)",
      "x": -1.44545316696167,
      "y": 1.6178721189498901
    },
    {
      "index": 5,
      "id": "(1, 0)",
      "x": 1.9942950010299683,
      "y": 2.180682420730591
    },
    {
      "index": 6,
      "id": "(1, 1)",
      "x": 1.2144408226013184,
      "y": 1.8501040935516357
    },
    {
      "index": 7,
      "id": "(1, 2)",
      "x": 0.4355945289134979,
      "y": 1.5156232118606567
    },
    {
      "index": 8,
      "id": "(1, 3)",
      "x": -0.3420940637588501,
      "y": 1.178436040878296
    },
    {
      "index": 9,
      "id": "(1, 4)",
      "x": -1.1184134483337402,
      "y": 0.8395967483520508
    },
    {
      "index": 10,
      "id": "(2, 0)",
      "x": 2.3311586380004883,
      "y": 1.407837986946106
    },
    {
      "index": 11,
      "id": "(2, 1)",
      "x": 1.5522739887237549,
      "y": 1.0728334188461304
    },
    {
      "index": 12,
      "id": "(2, 2)",
      "x": 0.7727069854736328,
      "y": 0.7366248965263367
    },
    {
      "index": 13,
      "id": "(2, 3)",
      "x": -0.006703060120344162,
      "y": 0.40005776286125183
    },
    {
      "index": 14,
      "id": "(2, 4)",
      "x": -0.7855619192123413,
      "y": 0.06500402092933655
    },
    {
      "index": 15,
      "id": "(3, 0)",
      "x": 2.6636087894439697,
      "y": 0.6330825090408325
    },
    {
      "index": 16,
      "id": "(3, 1)",
      "x": 1.8872689008712769,
      "y": 0.2943384349346161
    },
    {
      "index": 17,
      "id": "(3, 2)",
      "x": 1.1094666719436646,
      "y": -0.04252501204609871
    },
    {
      "index": 18,
      "id": "(3, 3)",
      "x": 0.33081215620040894,
      "y": -0.3774045705795288
    },
    {
      "index": 19,
      "id": "(3, 4)",
      "x": -0.44902774691581726,
      "y": -0.7079927921295166
    },
    {
      "index": 20,
      "id": "(4, 0)",
      "x": 2.9912948608398438,
      "y": -0.14491751790046692
    },
    {
      "index": 21,
      "id": "(4, 1)",
      "x": 2.2186172008514404,
      "y": -0.48511195182800293
    },
    {
      "index": 22,
      "id": "(4, 2)",
      "x": 1.4452284574508667,
      "y": -0.8209691643714905
    },
    {
      "index": 23,
      "id": "(4, 3)",
      "x": 0.6703467965126038,
      "y": -1.1533643007278442
    },
    {
      "index": 24,
      "id": "(4, 4)",
      "x": -0.10804560035467148,
      "y": -1.4802582263946533
    }
  ],
  "edges": [
    {
      "source": "(0, 0)",
      "target": "(1, 0)"
    },
    {
      "source": "(0, 0)",
      "target": "(0, 1)"
    },
    {
      "source": "(0, 1)",
      "target": "(0, 2)"
    },
    {
      "source": "(0, 1)",
      "target": "(1, 1)"
    },
    {
      "source": "(0, 2)",
      "target": "(0, 3)"
    },
    {
      "source": "(0, 2)",
      "target": "(1, 2)"
    },
    {
      "source": "(0, 3)",
      "target": "(1, 3)"
    },
    {
      "source": "(0, 3)",
      "target": "(0, 4)"
    },
    {
      "source": "(0, 4)",
      "target": "(1, 4)"
    },
    {
      "source": "(1, 0)",
      "target": "(2, 0)"
    },
    {
      "source": "(1, 0)",
      "target": "(1, 1)"
    },
    {
      "source": "(1, 1)",
      "target": "(1, 2)"
    },
    {
      "source": "(1, 1)",
      "target": "(2, 1)"
    },
    {
      "source": "(1, 2)",
      "target": "(1, 3)"
    },
    {
      "source": "(1, 2)",
      "target": "(2, 2)"
    },
    {
      "source": "(1, 3)",
      "target": "(1, 4)"
    },
    {
      "source": "(1, 3)",
      "target": "(2, 3)"
    },
    {
      "source": "(1, 4)",
      "target": "(2, 4)"
    },
    {
      "source": "(2, 0)",
      "target": "(3, 0)"
    },
    {
      "source": "(2, 0)",
      "target": "(2, 1)"
    },
    {
      "source": "(2, 1)",
      "target": "(3, 1)"
    },
    {
      "source": "(2, 1)",
      "target": "(2, 2)"
    },
    {
      "source": "(2, 2)",
      "target": "(3, 2)"
    },
    {
      "source": "(2, 2)",
      "target": "(2, 3)"
    },
    {
      "source": "(2, 3)",
      "target": "(2, 4)"
    },
    {
      "source": "(2, 3)",
      "target": "(3, 3)"
    },
    {
      "source": "(2, 4)",
      "target": "(3, 4)"
    },
    {
      "source": "(3, 0)",
      "target": "(4, 0)"
    },
    {
      "source": "(3, 0)",
      "target": "(3, 1)"
    },
    {
      "source": "(3, 1)",
      "target": "(4, 1)"
    },
    {
      "source": "(3, 1)",
      "target": "(3, 2)"
    },
    {
      "source": "(3, 2)",
      "target": "(3, 3)"
    },
    {
      "source": "(3, 2)",
      "target": "(4, 2)"
    },
    {
      "source": "(3, 3)",
      "target": "(4, 3)"
    },
    {
      "source": "(3, 3)",
      "target": "(3, 4)"
    },
    {
      "source": "(3, 4)",
      "target": "(4, 4)"
    },
    {
      "source": "(4, 0)",
      "target": "(4, 1)"
    },
    {
      "source": "(4, 1)",
      "target": "(4, 2)"
    },
    {
      "source": "(4, 2)",
      "target": "(4, 3)"
    },
    {
      "source": "(4, 3)",
      "target": "(4, 4)"
    }
  ],
  "coef": {
    "stress": 0,
    "crossing_angle": 0,
    "neighbor": 0,
    "edge_uniformity": 0.49,
    "crossing_number": 0,
    "angular_resolution": 0,
    "vertex_resolution": 0,
    "gabriel": 0,
    "aspect_ratio": 0
  },
  "optimizer": {
    "lr": 0.37192751858370054,
    "momentum": 0.5
  },
  "graphDistance": [
    [
      0,
      1,
      2,
      3,
      4,
      1,
      2,
      3,
      4,
      5,
      2,
      3,
      4,
      5,
      6,
      3,
      4,
      5,
      6,
      7,
      4,
      5,
      6,
      7,
      8
    ],
    [
      1,
      0,
      1,
      2,
      3,
      2,
      1,
      2,
      3,
      4,
      3,
      2,
      3,
      4,
      5,
      4,
      3,
      4,
      5,
      6,
      5,
      4,
      5,
      6,
      7
    ],
    [
      2,
      1,
      0,
      1,
      2,
      3,
      2,
      1,
      2,
      3,
      4,
      3,
      2,
      3,
      4,
      5,
      4,
      3,
      4,
      5,
      6,
      5,
      4,
      5,
      6
    ],
    [
      3,
      2,
      1,
      0,
      1,
      4,
      3,
      2,
      1,
      2,
      5,
      4,
      3,
      2,
      3,
      6,
      5,
      4,
      3,
      4,
      7,
      6,
      5,
      4,
      5
    ],
    [
      4,
      3,
      2,
      1,
      0,
      5,
      4,
      3,
      2,
      1,
      6,
      5,
      4,
      3,
      2,
      7,
      6,
      5,
      4,
      3,
      8,
      7,
      6,
      5,
      4
    ],
    [
      1,
      2,
      3,
      4,
      5,
      0,
      1,
      2,
      3,
      4,
      1,
      2,
      3,
      4,
      5,
      2,
      3,
      4,
      5,
      6,
      3,
      4,
      5,
      6,
      7
    ],
    [
      2,
      1,
      2,
      3,
      4,
      1,
      0,
      1,
      2,
      3,
      2,
      1,
      2,
      3,
      4,
      3,
      2,
      3,
      4,
      5,
      4,
      3,
      4,
      5,
      6
    ],
    [
      3,
      2,
      1,
      2,
      3,
      2,
      1,
      0,
      1,
      2,
      3,
      2,
      1,
      2,
      3,
      4,
      3,
      2,
      3,
      4,
      5,
      4,
      3,
      4,
      5
    ],
    [
      4,
      3,
      2,
      1,
      2,
      3,
      2,
      1,
      0,
      1,
      4,
      3,
      2,
      1,
      2,
      5,
      4,
      3,
      2,
      3,
      6,
      5,
      4,
      3,
      4
    ],
    [
      5,
      4,
      3,
      2,
      1,
      4,
      3,
      2,
      1,
      0,
      5,
      4,
      3,
      2,
      1,
      6,
      5,
      4,
      3,
      2,
      7,
      6,
      5,
      4,
      3
    ],
    [
      2,
      3,
      4,
      5,
      6,
      1,
      2,
      3,
      4,
      5,
      0,
      1,
      2,
      3,
      4,
      1,
      2,
      3,
      4,
      5,
      2,
      3,
      4,
      5,
      6
    ],
    [
      3,
      2,
      3,
      4,
      5,
      2,
      1,
      2,
      3,
      4,
      1,
      0,
      1,
      2,
      3,
      2,
      1,
      2,
      3,
      4,
      3,
      2,
      3,
      4,
      5
    ],
    [
      4,
      3,
      2,
      3,
      4,
      3,
      2,
      1,
      2,
      3,
      2,
      1,
      0,
      1,
      2,
      3,
      2,
      1,
      2,
      3,
      4,
      3,
      2,
      3,
      4
    ],
    [
      5,
      4,
      3,
      2,
      3,
      4,
      3,
      2,
      1,
      2,
      3,
      2,
      1,
      0,
      1,
      4,
      3,
      2,
      1,
      2,
      5,
      4,
      3,
      2,
      3
    ],
    [
      6,
      5,
      4,
      3,
      2,
      5,
      4,
      3,
      2,
      1,
      4,
      3,
      2,
      1,
      0,
      5,
      4,
      3,
      2,
      1,
      6,
      5,
      4,
      3,
      2
    ],
    [
      3,
      4,
      5,
      6,
      7,
      2,
      3,
      4,
      5,
      6,
      1,
      2,
      3,
      4,
      5,
      0,
      1,
      2,
      3,
      4,
      1,
      2,
      3,
      4,
      5
    ],
    [
      4,
      3,
      4,
      5,
      6,
      3,
      2,
      3,
      4,
      5,
      2,
      1,
      2,
      3,
      4,
      1,
      0,
      1,
      2,
      3,
      2,
      1,
      2,
      3,
      4
    ],
    [
      5,
      4,
      3,
      4,
      5,
      4,
      3,
      2,
      3,
      4,
      3,
      2,
      1,
      2,
      3,
      2,
      1,
      0,
      1,
      2,
      3,
      2,
      1,
      2,
      3
    ],
    [
      6,
      5,
      4,
      3,
      4,
      5,
      4,
      3,
      2,
      3,
      4,
      3,
      2,
      1,
      2,
      3,
      2,
      1,
      0,
      1,
      4,
      3,
      2,
      1,
      2
    ],
    [
      7,
      6,
      5,
      4,
      3,
      6,
      5,
      4,
      3,
      2,
      5,
      4,
      3,
      2,
      1,
      4,
      3,
      2,
      1,
      0,
      5,
      4,
      3,
      2,
      1
    ],
    [
      4,
      5,
      6,
      7,
      8,
      3,
      4,
      5,
      6,
      7,
      2,
      3,
      4,
      5,
      6,
      1,
      2,
      3,
      4,
      5,
      0,
      1,
      2,
      3,
      4
    ],
    [
      5,
      4,
      5,
      6,
      7,
      4,
      3,
      4,
      5,
      6,
      3,
      2,
      3,
      4,
      5,
      2,
      1,
      2,
      3,
      4,
      1,
      0,
      1,
      2,
      3
    ],
    [
      6,
      5,
      4,
      5,
      6,
      5,
      4,
      3,
      4,
      5,
      4,
      3,
      2,
      3,
      4,
      3,
      2,
      1,
      2,
      3,
      2,
      1,
      0,
      1,
      2
    ],
    [
      7,
      6,
      5,
      4,
      5,
      6,
      5,
      4,
      3,
      4,
      5,
      4,
      3,
      2,
      3,
      4,
      3,
      2,
      1,
      2,
      3,
      2,
      1,
      0,
      1
    ],
    [
      8,
      7,
      6,
      5,
      4,
      7,
      6,
      5,
      4,
      3,
      6,
      5,
      4,
      3,
      2,
      5,
      4,
      3,
      2,
      1,
      4,
      3,
      2,
      1,
      0
    ]
  ],
  "weight": [
    [
      1,
      1,
      0.25,
      0.1111111119389534,
      0.0625,
      1,
      0.25,
      0.1111111119389534,
      0.0625,
      0.03999999910593033,
      0.25,
      0.1111111119389534,
      0.0625,
      0.03999999910593033,
      0.02777777798473835,
      0.1111111119389534,
      0.0625,
      0.03999999910593033,
      0.02777777798473835,
      0.020408162847161293,
      0.0625,
      0.03999999910593033,
      0.02777777798473835,
      0.020408162847161293,
      0.015625
    ],
    [
      1,
      1,
      1,
      0.25,
      0.1111111119389534,
      0.25,
      1,
      0.25,
      0.1111111119389534,
      0.0625,
      0.1111111119389534,
      0.25,
      0.1111111119389534,
      0.0625,
      0.03999999910593033,
      0.0625,
      0.1111111119389534,
      0.0625,
      0.03999999910593033,
      0.02777777798473835,
      0.03999999910593033,
      0.0625,
      0.03999999910593033,
      0.02777777798473835,
      0.020408162847161293
    ],
    [
      0.25,
      1,
      1,
      1,
      0.25,
      0.1111111119389534,
      0.25,
      1,
      0.25,
      0.1111111119389534,
      0.0625,
      0.1111111119389534,
      0.25,
      0.1111111119389534,
      0.0625,
      0.03999999910593033,
      0.0625,
      0.1111111119389534,
      0.0625,
      0.03999999910593033,
      0.02777777798473835,
      0.03999999910593033,
      0.0625,
      0.03999999910593033,
      0.02777777798473835
    ],
    [
      0.1111111119389534,
      0.25,
      1,
      1,
      1,
      0.0625,
      0.1111111119389534,
      0.25,
      1,
      0.25,
      0.03999999910593033,
      0.0625,
      0.1111111119389534,
      0.25,
      0.1111111119389534,
      0.02777777798473835,
      0.03999999910593033,
      0.0625,
      0.1111111119389534,
      0.0625,
      0.020408162847161293,
      0.02777777798473835,
      0.03999999910593033,
      0.0625,
      0.03999999910593033
    ],
    [
      0.0625,
      0.1111111119389534,
      0.25,
      1,
      1,
      0.03999999910593033,
      0.0625,
      0.1111111119389534,
      0.25,
      1,
      0.02777777798473835,
      0.03999999910593033,
      0.0625,
      0.1111111119389534,
      0.25,
      0.020408162847161293,
      0.02777777798473835,
      0.03999999910593033,
      0.0625,
      0.1111111119389534,
      0.015625,
      0.020408162847161293,
      0.02777777798473835,
      0.03999999910593033,
      0.0625
    ],
    [
      1,
      0.25,
      0.1111111119389534,
      0.0625,
      0.03999999910593033,
      1,
      1,
      0.25,
      0.1111111119389534,
      0.0625,
      1,
      0.25,
      0.1111111119389534,
      0.0625,
      0.03999999910593033,
      0.25,
      0.1111111119389534,
      0.0625,
      0.03999999910593033,
      0.02777777798473835,
      0.1111111119389534,
      0.0625,
      0.03999999910593033,
      0.02777777798473835,
      0.020408162847161293
    ],
    [
      0.25,
      1,
      0.25,
      0.1111111119389534,
      0.0625,
      1,
      1,
      1,
      0.25,
      0.1111111119389534,
      0.25,
      1,
      0.25,
      0.1111111119389534,
      0.0625,
      0.1111111119389534,
      0.25,
      0.1111111119389534,
      0.0625,
      0.03999999910593033,
      0.0625,
      0.1111111119389534,
      0.0625,
      0.03999999910593033,
      0.02777777798473835
    ],
    [
      0.1111111119389534,
      0.25,
      1,
      0.25,
      0.1111111119389534,
      0.25,
      1,
      1,
      1,
      0.25,
      0.1111111119389534,
      0.25,
      1,
      0.25,
      0.1111111119389534,
      0.0625,
      0.1111111119389534,
      0.25,
      0.1111111119389534,
      0.0625,
      0.03999999910593033,
      0.0625,
      0.1111111119389534,
      0.0625,
      0.03999999910593033
    ],
    [
      0.0625,
      0.1111111119389534,
      0.25,
      1,
      0.25,
      0.1111111119389534,
      0.25,
      1,
      1,
      1,
      0.0625,
      0.1111111119389534,
      0.25,
      1,
      0.25,
      0.03999999910593033,
      0.0625,
      0.1111111119389534,
      0.25,
      0.1111111119389534,
      0.02777777798473835,
      0.03999999910593033,
      0.0625,
      0.1111111119389534,
      0.0625
    ],
    [
      0.03999999910593033,
      0.0625,
      0.1111111119389534,
      0.25,
      1,
      0.0625,
      0.1111111119389534,
      0.25,
      1,
      1,
      0.03999999910593033,
      0.0625,
      0.1111111119389534,
      0.25,
      1,
      0.02777777798473835,
      0.03999999910593033,
      0.0625,
      0.1111111119389534,
      0.25,
      0.020408162847161293,
      0.02777777798473835,
      0.03999999910593033,
      0.0625,
      0.1111111119389534
    ],
    [
      0.25,
      0.1111111119389534,
      0.0625,
      0.03999999910593033,
      0.02777777798473835,
      1,
      0.25,
      0.1111111119389534,
      0.0625,
      0.03999999910593033,
      1,
      1,
      0.25,
      0.1111111119389534,
      0.0625,
      1,
      0.25,
      0.1111111119389534,
      0.0625,
      0.03999999910593033,
      0.25,
      0.1111111119389534,
      0.0625,
      0.03999999910593033,
      0.02777777798473835
    ],
    [
      0.1111111119389534,
      0.25,
      0.1111111119389534,
      0.0625,
      0.03999999910593033,
      0.25,
      1,
      0.25,
      0.1111111119389534,
      0.0625,
      1,
      1,
      1,
      0.25,
      0.1111111119389534,
      0.25,
      1,
      0.25,
      0.1111111119389534,
      0.0625,
      0.1111111119389534,
      0.25,
      0.1111111119389534,
      0.0625,
      0.03999999910593033
    ],
    [
      0.0625,
      0.1111111119389534,
      0.25,
      0.1111111119389534,
      0.0625,
      0.1111111119389534,
      0.25,
      1,
      0.25,
      0.1111111119389534,
      0.25,
      1,
      1,
      1,
      0.25,
      0.1111111119389534,
      0.25,
      1,
      0.25,
      0.1111111119389534,
      0.0625,
      0.1111111119389534,
      0.25,
      0.1111111119389534,
      0.0625
    ],
    [
      0.03999999910593033,
      0.0625,
      0.1111111119389534,
      0.25,
      0.1111111119389534,
      0.0625,
      0.1111111119389534,
      0.25,
      1,
      0.25,
      0.1111111119389534,
      0.25,
      1,
      1,
      1,
      0.0625,
      0.1111111119389534,
      0.25,
      1,
      0.25,
      0.03999999910593033,
      0.0625,
      0.1111111119389534,
      0.25,
      0.1111111119389534
    ],
    [
      0.02777777798473835,
      0.03999999910593033,
      0.0625,
      0.1111111119389534,
      0.25,
      0.03999999910593033,
      0.0625,
      0.1111111119389534,
      0.25,
      1,
      0.0625,
      0.1111111119389534,
      0.25,
      1,
      1,
      0.03999999910593033,
      0.0625,
      0.1111111119389534,
      0.25,
      1,
      0.02777777798473835,
      0.03999999910593033,
      0.0625,
      0.1111111119389534,
      0.25
    ],
    [
      0.1111111119389534,
      0.0625,
      0.03999999910593033,
      0.02777777798473835,
      0.020408162847161293,
      0.25,
      0.1111111119389534,
      0.0625,
      0.03999999910593033,
      0.02777777798473835,
      1,
      0.25,
      0.1111111119389534,
      0.0625,
      0.03999999910593033,
      1,
      1,
      0.25,
      0.1111111119389534,
      0.0625,
      1,
      0.25,
      0.1111111119389534,
      0.0625,
      0.03999999910593033
    ],
    [
      0.0625,
      0.1111111119389534,
      0.0625,
      0.03999999910593033,
      0.02777777798473835,
      0.1111111119389534,
      0.25,
      0.1111111119389534,
      0.0625,
      0.03999999910593033,
      0.25,
      1,
      0.25,
      0.1111111119389534,
      0.0625,
      1,
      1,
      1,
      0.25,
      0.1111111119389534,
      0.25,
      1,
      0.25,
      0.1111111119389534,
      0.0625
    ],
    [
      0.03999999910593033,
      0.0625,
      0.1111111119389534,
      0.0625,
      0.03999999910593033,
      0.0625,
      0.1111111119389534,
      0.25,
      0.1111111119389534,
      0.0625,
      0.1111111119389534,
      0.25,
      1,
      0.25,
      0.1111111119389534,
      0.25,
      1,
      1,
      1,
      0.25,
      0.1111111119389534,
      0.25,
      1,
      0.25,
      0.1111111119389534
    ],
    [
      0.02777777798473835,
      0.03999999910593033,
      0.0625,
      0.1111111119389534,
      0.0625,
      0.03999999910593033,
      0.0625,
      0.1111111119389534,
      0.25,
      0.1111111119389534,
      0.0625,
      0.1111111119389534,
      0.25,
      1,
      0.25,
      0.1111111119389534,
      0.25,
      1,
      1,
      1,
      0.0625,
      0.1111111119389534,
      0.25,
      1,
      0.25
    ],
    [
      0.020408162847161293,
      0.02777777798473835,
      0.03999999910593033,
      0.0625,
      0.1111111119389534,
      0.02777777798473835,
      0.03999999910593033,
      0.0625,
      0.1111111119389534,
      0.25,
      0.03999999910593033,
      0.0625,
      0.1111111119389534,
      0.25,
      1,
      0.0625,
      0.1111111119389534,
      0.25,
      1,
      1,
      0.03999999910593033,
      0.0625,
      0.1111111119389534,
      0.25,
      1
    ],
    [
      0.0625,
      0.03999999910593033,
      0.02777777798473835,
      0.020408162847161293,
      0.015625,
      0.1111111119389534,
      0.0625,
      0.03999999910593033,
      0.02777777798473835,
      0.020408162847161293,
      0.25,
      0.1111111119389534,
      0.0625,
      0.03999999910593033,
      0.02777777798473835,
      1,
      0.25,
      0.1111111119389534,
      0.0625,
      0.03999999910593033,
      1,
      1,
      0.25,
      0.1111111119389534,
      0.0625
    ],
    [
      0.03999999910593033,
      0.0625,
      0.03999999910593033,
      0.02777777798473835,
      0.020408162847161293,
      0.0625,
      0.1111111119389534,
      0.0625,
      0.03999999910593033,
      0.02777777798473835,
      0.1111111119389534,
      0.25,
      0.1111111119389534,
      0.0625,
      0.03999999910593033,
      0.25,
      1,
      0.25,
      0.1111111119389534,
      0.0625,
      1,
      1,
      1,
      0.25,
      0.1111111119389534
    ],
    [
      0.02777777798473835,
      0.03999999910593033,
      0.0625,
      0.03999999910593033,
      0.02777777798473835,
      0.03999999910593033,
      0.0625,
      0.1111111119389534,
      0.0625,
      0.03999999910593033,
      0.0625,
      0.1111111119389534,
      0.25,
      0.1111111119389534,
      0.0625,
      0.1111111119389534,
      0.25,
      1,
      0.25,
      0.1111111119389534,
      0.25,
      1,
      1,
      1,
      0.25
    ],
    [
      0.020408162847161293,
      0.02777777798473835,
      0.03999999910593033,
      0.0625,
      0.03999999910593033,
      0.02777777798473835,
      0.03999999910593033,
      0.0625,
      0.1111111119389534,
      0.0625,
      0.03999999910593033,
      0.0625,
      0.1111111119389534,
      0.25,
      0.1111111119389534,
      0.0625,
      0.1111111119389534,
      0.25,
      1,
      0.25,
      0.1111111119389534,
      0.25,
      1,
      1,
      1
    ],
    [
      0.015625,
      0.020408162847161293,
      0.02777777798473835,
      0.03999999910593033,
      0.0625,
      0.020408162847161293,
      0.02777777798473835,
      0.03999999910593033,
      0.0625,
      0.1111111119389534,
      0.02777777798473835,
      0.03999999910593033,
      0.0625,
      0.1111111119389534,
      0.25,
      0.03999999910593033,
      0.0625,
      0.1111111119389534,
      0.25,
      1,
      0.0625,
      0.1111111119389534,
      0.25,
      1,
      1
    ]
  ]
}