{
  "nodes": [
    {
      "index": 0,
      "id": 0,
      "x": -0.6861824989318848,
      "y": 1.6933692693710327
    },
    {
      "index": 1,
      "id": 1,
      "x": 0.440556138753891,
      "y": 1.772767424583435
    },
    {
      "index": 2,
      "id": 2,
      "x": 1.3994051218032837,
      "y": 1.1757636070251465
    },
    {
      "index": 3,
      "id": 3,
      "x": 1.8241016864776611,
      "y": 0.12911738455295563
    },
    {
      "index": 4,
      "id": 4,
      "x": 1.5512571334838867,
      "y": -0.9669784307479858
    },
    {
      "index": 5,
      "id": 5,
      "x": 0.6861163973808289,
      "y": -1.6932214498519897
    },
    {
      "index": 6,
      "id": 6,
      "x": -0.4406338334083557,
      "y": -1.7730451822280884
    },
    {
      "index": 7,
      "id": 7,
      "x": -1.399422287940979,
      "y": -1.175836443901062
    },
    {
      "index": 8,
      "id": 8,
      "x": -1.8239166736602783,
      "y": -0.12905554473400116
    },
    {
      "index": 9,
      "id": 9,
      "x": -1.551332712173462,
      "y": 0.9671350717544556
    }
  ],
  "edges": [
    {
      "source": 0,
      "target": 1
    },
    {
      "source": 0,
      "target": 9
    },
    {
      "source": 1,
      "target": 2
    },
    {
      "source": 2,
      "target": 3
    },
    {
      "source": 3,
      "target": 4
    },
    {
      "source": 4,
      "target": 5
    },
    {
      "source": 5,
      "target": 6
    },
    {
      "source": 6,
      "target": 7
    },
    {
      "source": 7,
      "target": 8
    },
    {
      "source": 8,
      "target": 9
    }
  ],
  "coef": {
    "stress": 1,
    "crossing_angle": 0,
    "neighbor": 0,
    "edge_uniformity": 0,
    "crossing_number": 0,
    "angular_resolution": 0,
    "vertex_resolution": 0,
    "gabriel": 0,
    "aspect_ratio": 0
  },
  "optimizer": {
    "lr": 0.3870292672675483,
    "momentum": 0.73
  },
  "graphDistance": [
    [
      0,
      1,
      2,
      3,
      4,
      5,
      4,
      3,
      2,
      1
    ],
    [
      1,
      0,
      1,
      2,
      3,
      4,
      5,
      4,
      3,
      2
    ],
    [
      2,
      1,
      0,
      1,
      2,
      3,
      4,
      5,
      4,
      3
    ],
    [
      3,
      2,
      1,
      0,
      1,
      2,
      3,
      4,
      5,
      4
    ],
    [
      4,
      3,
      2,
      1,
      0,
      1,
      2,
      3,
      4,
      5
    ],
    [
      5,
      4,
      3,
      2,
      1,
      0,
      1,
      2,
      3,
      4
    ],
    [
      4,
      5,
      4,
      3,
      2,
      1,
      0,
      1,
      2,
      3
    ],
    [
      3,
      4,
      5,
      4,
      3,
      2,
      1,
      0,
      1,
      2
    ],
    [
      2,
      3,
      4,
      5,
      4,
      3,
      2,
      1,
      0,
      1
    ],
    [
      1,
      2,
      3,
      4,
      5,
      4,
      3,
      2,
      1,
      0
    ]
  ],
  "weight": [
    [
      1,
      1,
      0.25,
      0.1111111119389534,
      0.0625,
      0.03999999910593033,
      0.0625,
      0.1111111119389534,
      0.25,
      1
    ],
    [
      1,
      1,
      1,
      0.25,
      0.1111111119389534,
      0.0625,
      0.03999999910593033,
      0.0625,
      0.1111111119389534,
      0.25
    ],
    [
      0.25,
      1,
      1,
      1,
      0.25,
      0.1111111119389534,
      0.0625,
      0.03999999910593033,
      0.0625,
      0.1111111119389534
    ],
    [
      0.1111111119389534,
      0.25,
      1,
      1,
      1,
      0.25,
      0.1111111119389534,
      0.0625,
      0.03999999910593033,
      0.0625
    ],
    [
      0.0625,
      0.1111111119389534,
      0.25,
      1,
      1,
      1,
      0.25,
      0.1111111119389534,
      0.0625,
      0.03999999910593033
    ],
    [
      0.03999999910593033,
      0.0625,
      0.1111111119389534,
      0.25,
      1,
      1,
      1,
      0.25,
      0.1111111119389534,
      0.0625
    ],
    [
      0.0625,
      0.03999999910593033,
      0.0625,
      0.1111111119389534,
      0.25,
      1,
      1,
      1,
      0.25,
      0.1111111119389534
    ],
    [
      0.1111111119389534,
      0.0625,
      0.03999999910593033,
      0.0625,
      0.1111111119389534,
      0.25,
      1,
      1,
      1,
      0.25
    ],
    [
      0.25,
      0.1111111119389534,
      0.0625,
      0.03999999910593033,
      0.0625,
      0.1111111119389534,
      0.25,
      1,
      1,
      1
    ],
    [
      1,
      0.25,
      0.1111111119389534,
      0.0625,
      0.03999999910593033,
      0.0625,
      0.1111111119389534,
      0.25,
      1,
      1
    ]
  ]
}