{
  "nodes": [
    {
      "index": 0,
      "id": "(0, 0)",
      "x": 0.6443279981613159,
      "y": -3.2559971809387207
    },
    {
      "index": 1,
      "id": "(0, 1)",
      "x": 1.3095710277557373,
      "y": -2.2912700176239014
    },
    {
      "index": 2,
      "id": "(0, 2)",
      "x": 1.9689645767211914,
      "y": -1.3184328079223633
    },
    {
      "index": 3,
      "id": "(0, 3)",
      "x": 2.6173408031463623,
      "y": -0.33821702003479004
    },
    {
      "index": 4,
      "id": "(0, 4)",
      "x": 3.2559924125671387,
      "y": 0.6443171501159668
    },
    {
      "index": 5,
      "id": "(1, 0)",
      "x": -0.33820655941963196,
      "y": -2.617347002029419
    },
    {
      "index": 6,
      "id": "(1, 1)",
      "x": 0.32500892877578735,
      "y": -1.6423717737197876
    },
    {
      "index": 7,
      "id": "(1, 2)",
      "x": 0.9869879484176636,
      "y": -0.6608838438987732
    },
    {
      "index": 8,
      "id": "(1, 3)",
      "x": 1.642376184463501,
      "y": 0.32501640915870667
    },
    {
      "index": 9,
      "id": "(1, 4)",
      "x": 2.2912752628326416,
      "y": 1.309578537940979
    },
    {
      "index": 10,
      "id": "(2, 0)",
      "x": -1.3184202909469604,
      "y": -1.9689700603485107
    },
    {
      "index": 11,
      "id": "(2, 1)",
      "x": -0.6608899831771851,
      "y": -0.9869810938835144
    },
    {
      "index": 12,
      "id": "(2, 2)",
      "x": -9.352659731121094e-7,
      "y": 0.000013048928849457297
    },
    {
      "index": 13,
      "id": "(2, 3)",
      "x": 0.6608942151069641,
      "y": 0.9870030879974365
    },
    {
      "index": 14,
      "id": "(2, 4)",
      "x": 1.3184399604797363,
      "y": 1.968981146812439
    },
    {
      "index": 15,
      "id": "(3, 0)",
      "x": -2.291259765625,
      "y": -1.3095790147781372
    },
    {
      "index": 16,
      "id": "(3, 1)",
      "x": -1.6423795223236084,
      "y": -0.32500508427619934
    },
    {
      "index": 17,
      "id": "(3, 2)",
      "x": -0.9869962334632874,
      "y": 0.6608993411064148
    },
    {
      "index": 18,
      "id": "(3, 3)",
      "x": -0.32501187920570374,
      "y": 1.6423842906951904
    },
    {
      "index": 19,
      "id": "(3, 4)",
      "x": 0.338217556476593,
      "y": 2.6173505783081055
    },
    {
      "index": 20,
      "id": "(4, 0)",
      "x": -3.2559938430786133,
      "y": -0.6443430781364441
    },
    {
      "index": 21,
      "id": "(4, 1)",
      "x": -2.617359161376953,
      "y": 0.33820444345474243
    },
    {
      "index": 22,
      "id": "(4, 2)",
      "x": -1.9689874649047852,
      "y": 1.318426251411438
    },
    {
      "index": 23,
      "id": "(4, 3)",
      "x": -1.309588074684143,
      "y": 2.291262626647949
    },
    {
      "index": 24,
      "id": "(4, 4)",
      "x": -0.6443308591842651,
      "y": 3.2559821605682373
    }
  ],
  "edges": [
    {
      "source": "(0, 0)",
      "target": "(1, 0)"
    },
    {
      "source": "(0, 0)",
      "target": "(0, 1)"
    },
    {
      "source": "(0, 1)",
      "target": "(0, 2)"
    },
    {
      "source": "(0, 1)",
      "target": "(1, 1)"
    },
    {
      "source": "(0, 2)",
      "target": "(0, 3)"
    },
    {
      "source": "(0, 2)",
      "target": "(1, 2)"
    },
    {
      "source": "(0, 3)",
      "target": "(1, 3)"
    },
    {
      "source": "(0, 3)",
      "target": "(0, 4)"
    },
    {
      "source": "(0, 4)",
      "target": "(1, 4)"
    },
    {
      "source": "(1, 0)",
      "target": "(2, 0)"
    },
    {
      "source": "(1, 0)",
      "target": "(1, 1)"
    },
    {
      "source": "(1, 1)",
      "target": "(1, 2)"
    },
    {
      "source": "(1, 1)",
      "target": "(2, 1)"
    },
    {
      "source": "(1, 2)",
      "target": "(1, 3)"
    },
    {
      "source": "(1, 2)",
      "target": "(2, 2)"
    },
    {
      "source": "(1, 3)",
      "target": "(1, 4)"
    },
    {
      "source": "(1, 3)",
      "target": "(2, 3)"
    },
    {
      "source": "(1, 4)",
      "target": "(2, 4)"
    },
    {
      "source": "(2, 0)",
      "target": "(3, 0)"
    },
    {
      "source": "(2, 0)",
      "target": "(2, 1)"
    },
    {
      "source": "(2, 1)",
      "target": "(3, 1)"
    },
    {
      "source": "(2, 1)",
      "target": "(2, 2)"
    },
    {
      "source": "(2, 2)",
      "target": "(3, 2)"
    },
    {
      "source": "(2, 2)",
      "target": "(2, 3)"
    },
    {
      "source": "(2, 3)",
      "target": "(2, 4)"
    },
    {
      "source": "(2, 3)",
      "target": "(3, 3)"
    },
    {
      "source": "(2, 4)",
      "target": "(3, 4)"
    },
    {
      "source": "(3, 0)",
      "target": "(4, 0)"
    },
    {
      "source": "(3, 0)",
      "target": "(3, 1)"
    },
    {
      "source": "(3, 1)",
      "target": "(4, 1)"
    },
    {
      "source": "(3, 1)",
      "target": "(3, 2)"
    },
    {
      "source": "(3, 2)",
      "target": "(3, 3)"
    },
    {
      "source": "(3, 2)",
      "target": "(4, 2)"
    },
    {
      "source": "(3, 3)",
      "target": "(4, 3)"
    },
    {
      "source": "(3, 3)",
      "target": "(3, 4)"
    },
    {
      "source": "(3, 4)",
      "target": "(4, 4)"
    },
    {
      "source": "(4, 0)",
      "target": "(4, 1)"
    },
    {
      "source": "(4, 1)",
      "target": "(4, 2)"
    },
    {
      "source": "(4, 2)",
      "target": "(4, 3)"
    },
    {
      "source": "(4, 3)",
      "target": "(4, 4)"
    }
  ],
  "coef": {
    "stress": 0.12,
    "crossing_angle": 0.08,
    "neighbor": 0,
    "edge_uniformity": 1,
    "crossing_number": 0,
    "angular_resolution": 0,
    "vertex_resolution": 0,
    "gabriel": 0,
    "aspect_ratio": 0
  },
  "optimizer": {
    "lr": 0.41083936607684257,
    "momentum": 0.5
  },
  "graphDistance": [
    [
      0,
      1,
      2,
      3,
      4,
      1,
      2,
      3,
      4,
      5,
      2,
      3,
      4,
      5,
      6,
      3,
      4,
      5,
      6,
      7,
      4,
      5,
      6,
      7,
      8
    ],
    [
      1,
      0,
      1,
      2,
      3,
      2,
      1,
      2,
      3,
      4,
      3,
      2,
      3,
      4,
      5,
      4,
      3,
      4,
      5,
      6,
      5,
      4,
      5,
      6,
      7
    ],
    [
      2,
      1,
      0,
      1,
      2,
      3,
      2,
      1,
      2,
      3,
      4,
      3,
      2,
      3,
      4,
      5,
      4,
      3,
      4,
      5,
      6,
      5,
      4,
      5,
      6
    ],
    [
      3,
      2,
      1,
      0,
      1,
      4,
      3,
      2,
      1,
      2,
      5,
      4,
      3,
      2,
      3,
      6,
      5,
      4,
      3,
      4,
      7,
      6,
      5,
      4,
      5
    ],
    [
      4,
      3,
      2,
      1,
      0,
      5,
      4,
      3,
      2,
      1,
      6,
      5,
      4,
      3,
      2,
      7,
      6,
      5,
      4,
      3,
      8,
      7,
      6,
      5,
      4
    ],
    [
      1,
      2,
      3,
      4,
      5,
      0,
      1,
      2,
      3,
      4,
      1,
      2,
      3,
      4,
      5,
      2,
      3,
      4,
      5,
      6,
      3,
      4,
      5,
      6,
      7
    ],
    [
      2,
      1,
      2,
      3,
      4,
      1,
      0,
      1,
      2,
      3,
      2,
      1,
      2,
      3,
      4,
      3,
      2,
      3,
      4,
      5,
      4,
      3,
      4,
      5,
      6
    ],
    [
      3,
      2,
      1,
      2,
      3,
      2,
      1,
      0,
      1,
      2,
      3,
      2,
      1,
      2,
      3,
      4,
      3,
      2,
      3,
      4,
      5,
      4,
      3,
      4,
      5
    ],
    [
      4,
      3,
      2,
      1,
      2,
      3,
      2,
      1,
      0,
      1,
      4,
      3,
      2,
      1,
      2,
      5,
      4,
      3,
      2,
      3,
      6,
      5,
      4,
      3,
      4
    ],
    [
      5,
      4,
      3,
      2,
      1,
      4,
      3,
      2,
      1,
      0,
      5,
      4,
      3,
      2,
      1,
      6,
      5,
      4,
      3,
      2,
      7,
      6,
      5,
      4,
      3
    ],
    [
      2,
      3,
      4,
      5,
      6,
      1,
      2,
      3,
      4,
      5,
      0,
      1,
      2,
      3,
      4,
      1,
      2,
      3,
      4,
      5,
      2,
      3,
      4,
      5,
      6
    ],
    [
      3,
      2,
      3,
      4,
      5,
      2,
      1,
      2,
      3,
      4,
      1,
      0,
      1,
      2,
      3,
      2,
      1,
      2,
      3,
      4,
      3,
      2,
      3,
      4,
      5
    ],
    [
      4,
      3,
      2,
      3,
      4,
      3,
      2,
      1,
      2,
      3,
      2,
      1,
      0,
      1,
      2,
      3,
      2,
      1,
      2,
      3,
      4,
      3,
      2,
      3,
      4
    ],
    [
      5,
      4,
      3,
      2,
      3,
      4,
      3,
      2,
      1,
      2,
      3,
      2,
      1,
      0,
      1,
      4,
      3,
      2,
      1,
      2,
      5,
      4,
      3,
      2,
      3
    ],
    [
      6,
      5,
      4,
      3,
      2,
      5,
      4,
      3,
      2,
      1,
      4,
      3,
      2,
      1,
      0,
      5,
      4,
      3,
      2,
      1,
      6,
      5,
      4,
      3,
      2
    ],
    [
      3,
      4,
      5,
      6,
      7,
      2,
      3,
      4,
      5,
      6,
      1,
      2,
      3,
      4,
      5,
      0,
      1,
      2,
      3,
      4,
      1,
      2,
      3,
      4,
      5
    ],
    [
      4,
      3,
      4,
      5,
      6,
      3,
      2,
      3,
      4,
      5,
      2,
      1,
      2,
      3,
      4,
      1,
      0,
      1,
      2,
      3,
      2,
      1,
      2,
      3,
      4
    ],
    [
      5,
      4,
      3,
      4,
      5,
      4,
      3,
      2,
      3,
      4,
      3,
      2,
      1,
      2,
      3,
      2,
      1,
      0,
      1,
      2,
      3,
      2,
      1,
      2,
      3
    ],
    [
      6,
      5,
      4,
      3,
      4,
      5,
      4,
      3,
      2,
      3,
      4,
      3,
      2,
      1,
      2,
      3,
      2,
      1,
      0,
      1,
      4,
      3,
      2,
      1,
      2
    ],
    [
      7,
      6,
      5,
      4,
      3,
      6,
      5,
      4,
      3,
      2,
      5,
      4,
      3,
      2,
      1,
      4,
      3,
      2,
      1,
      0,
      5,
      4,
      3,
      2,
      1
    ],
    [
      4,
      5,
      6,
      7,
      8,
      3,
      4,
      5,
      6,
      7,
      2,
      3,
      4,
      5,
      6,
      1,
      2,
      3,
      4,
      5,
      0,
      1,
      2,
      3,
      4
    ],
    [
      5,
      4,
      5,
      6,
      7,
      4,
      3,
      4,
      5,
      6,
      3,
      2,
      3,
      4,
      5,
      2,
      1,
      2,
      3,
      4,
      1,
      0,
      1,
      2,
      3
    ],
    [
      6,
      5,
      4,
      5,
      6,
      5,
      4,
      3,
      4,
      5,
      4,
      3,
      2,
      3,
      4,
      3,
      2,
      1,
      2,
      3,
      2,
      1,
      0,
      1,
      2
    ],
    [
      7,
      6,
      5,
      4,
      5,
      6,
      5,
      4,
      3,
      4,
      5,
      4,
      3,
      2,
      3,
      4,
      3,
      2,
      1,
      2,
      3,
      2,
      1,
      0,
      1
    ],
    [
      8,
      7,
      6,
      5,
      4,
      7,
      6,
      5,
      4,
      3,
      6,
      5,
      4,
      3,
      2,
      5,
      4,
      3,
      2,
      1,
      4,
      3,
      2,
      1,
      0
    ]
  ],
  "weight": [
    [
      1,
      1,
      0.25,
      0.1111111119389534,
      0.0625,
      1,
      0.25,
      0.1111111119389534,
      0.0625,
      0.03999999910593033,
      0.25,
      0.1111111119389534,
      0.0625,
      0.03999999910593033,
      0.02777777798473835,
      0.1111111119389534,
      0.0625,
      0.03999999910593033,
      0.02777777798473835,
      0.020408162847161293,
      0.0625,
      0.03999999910593033,
      0.02777777798473835,
      0.020408162847161293,
      0.015625
    ],
    [
      1,
      1,
      1,
      0.25,
      0.1111111119389534,
      0.25,
      1,
      0.25,
      0.1111111119389534,
      0.0625,
      0.1111111119389534,
      0.25,
      0.1111111119389534,
      0.0625,
      0.03999999910593033,
      0.0625,
      0.1111111119389534,
      0.0625,
      0.03999999910593033,
      0.02777777798473835,
      0.03999999910593033,
      0.0625,
      0.03999999910593033,
      0.02777777798473835,
      0.020408162847161293
    ],
    [
      0.25,
      1,
      1,
      1,
      0.25,
      0.1111111119389534,
      0.25,
      1,
      0.25,
      0.1111111119389534,
      0.0625,
      0.1111111119389534,
      0.25,
      0.1111111119389534,
      0.0625,
      0.03999999910593033,
      0.0625,
      0.1111111119389534,
      0.0625,
      0.03999999910593033,
      0.02777777798473835,
      0.03999999910593033,
      0.0625,
      0.03999999910593033,
      0.02777777798473835
    ],
    [
      0.1111111119389534,
      0.25,
      1,
      1,
      1,
      0.0625,
      0.1111111119389534,
      0.25,
      1,
      0.25,
      0.03999999910593033,
      0.0625,
      0.1111111119389534,
      0.25,
      0.1111111119389534,
      0.02777777798473835,
      0.03999999910593033,
      0.0625,
      0.1111111119389534,
      0.0625,
      0.020408162847161293,
      0.02777777798473835,
      0.03999999910593033,
      0.0625,
      0.03999999910593033
    ],
    [
      0.0625,
      0.1111111119389534,
      0.25,
      1,
      1,
      0.03999999910593033,
      0.0625,
      0.1111111119389534,
      0.25,
      1,
      0.02777777798473835,
      0.03999999910593033,
      0.0625,
      0.1111111119389534,
      0.25,
      0.020408162847161293,
      0.02777777798473835,
      0.03999999910593033,
      0.0625,
      0.1111111119389534,
      0.015625,
      0.020408162847161293,
      0.02777777798473835,
      0.03999999910593033,
      0.0625
    ],
    [
      1,
      0.25,
      0.1111111119389534,
      0.0625,
      0.03999999910593033,
      1,
      1,
      0.25,
      0.1111111119389534,
      0.0625,
      1,
      0.25,
      0.1111111119389534,
      0.0625,
      0.03999999910593033,
      0.25,
      0.1111111119389534,
      0.0625,
      0.03999999910593033,
      0.02777777798473835,
      0.1111111119389534,
      0.0625,
      0.03999999910593033,
      0.02777777798473835,
      0.020408162847161293
    ],
    [
      0.25,
      1,
      0.25,
      0.1111111119389534,
      0.0625,
      1,
      1,
      1,
      0.25,
      0.1111111119389534,
      0.25,
      1,
      0.25,
      0.1111111119389534,
      0.0625,
      0.1111111119389534,
      0.25,
      0.1111111119389534,
      0.0625,
      0.03999999910593033,
      0.0625,
      0.1111111119389534,
      0.0625,
      0.03999999910593033,
      0.02777777798473835
    ],
    [
      0.1111111119389534,
      0.25,
      1,
      0.25,
      0.1111111119389534,
      0.25,
      1,
      1,
      1,
      0.25,
      0.1111111119389534,
      0.25,
      1,
      0.25,
      0.1111111119389534,
      0.0625,
      0.1111111119389534,
      0.25,
      0.1111111119389534,
      0.0625,
      0.03999999910593033,
      0.0625,
      0.1111111119389534,
      0.0625,
      0.03999999910593033
    ],
    [
      0.0625,
      0.1111111119389534,
      0.25,
      1,
      0.25,
      0.1111111119389534,
      0.25,
      1,
      1,
      1,
      0.0625,
      0.1111111119389534,
      0.25,
      1,
      0.25,
      0.03999999910593033,
      0.0625,
      0.1111111119389534,
      0.25,
      0.1111111119389534,
      0.02777777798473835,
      0.03999999910593033,
      0.0625,
      0.1111111119389534,
      0.0625
    ],
    [
      0.03999999910593033,
      0.0625,
      0.1111111119389534,
      0.25,
      1,
      0.0625,
      0.1111111119389534,
      0.25,
      1,
      1,
      0.03999999910593033,
      0.0625,
      0.1111111119389534,
      0.25,
      1,
      0.02777777798473835,
      0.03999999910593033,
      0.0625,
      0.1111111119389534,
      0.25,
      0.020408162847161293,
      0.02777777798473835,
      0.03999999910593033,
      0.0625,
      0.1111111119389534
    ],
    [
      0.25,
      0.1111111119389534,
      0.0625,
      0.03999999910593033,
      0.02777777798473835,
      1,
      0.25,
      0.1111111119389534,
      0.0625,
      0.03999999910593033,
      1,
      1,
      0.25,
      0.1111111119389534,
      0.0625,
      1,
      0.25,
      0.1111111119389534,
      0.0625,
      0.03999999910593033,
      0.25,
      0.1111111119389534,
      0.0625,
      0.03999999910593033,
      0.02777777798473835
    ],
    [
      0.1111111119389534,
      0.25,
      0.1111111119389534,
      0.0625,
      0.03999999910593033,
      0.25,
      1,
      0.25,
      0.1111111119389534,
      0.0625,
      1,
      1,
      1,
      0.25,
      0.1111111119389534,
      0.25,
      1,
      0.25,
      0.1111111119389534,
      0.0625,
      0.1111111119389534,
      0.25,
      0.1111111119389534,
      0.0625,
      0.03999999910593033
    ],
    [
      0.0625,
      0.1111111119389534,
      0.25,
      0.1111111119389534,
      0.0625,
      0.1111111119389534,
      0.25,
      1,
      0.25,
      0.1111111119389534,
      0.25,
      1,
      1,
      1,
      0.25,
      0.1111111119389534,
      0.25,
      1,
      0.25,
      0.1111111119389534,
      0.0625,
      0.1111111119389534,
      0.25,
      0.1111111119389534,
      0.0625
    ],
    [
      0.03999999910593033,
      0.0625,
      0.1111111119389534,
      0.25,
      0.1111111119389534,
      0.0625,
      0.1111111119389534,
      0.25,
      1,
      0.25,
      0.1111111119389534,
      0.25,
      1,
      1,
      1,
      0.0625,
      0.1111111119389534,
      0.25,
      1,
      0.25,
      0.03999999910593033,
      0.0625,
      0.1111111119389534,
      0.25,
      0.1111111119389534
    ],
    [
      0.02777777798473835,
      0.03999999910593033,
      0.0625,
      0.1111111119389534,
      0.25,
      0.03999999910593033,
      0.0625,
      0.1111111119389534,
      0.25,
      1,
      0.0625,
      0.1111111119389534,
      0.25,
      1,
      1,
      0.03999999910593033,
      0.0625,
      0.1111111119389534,
      0.25,
      1,
      0.02777777798473835,
      0.03999999910593033,
      0.0625,
      0.1111111119389534,
      0.25
    ],
    [
      0.1111111119389534,
      0.0625,
      0.03999999910593033,
      0.02777777798473835,
      0.020408162847161293,
      0.25,
      0.1111111119389534,
      0.0625,
      0.03999999910593033,
      0.02777777798473835,
      1,
      0.25,
      0.1111111119389534,
      0.0625,
      0.03999999910593033,
      1,
      1,
      0.25,
      0.1111111119389534,
      0.0625,
      1,
      0.25,
      0.1111111119389534,
      0.0625,
      0.03999999910593033
    ],
    [
      0.0625,
      0.1111111119389534,
      0.0625,
      0.03999999910593033,
      0.02777777798473835,
      0.1111111119389534,
      0.25,
      0.1111111119389534,
      0.0625,
      0.03999999910593033,
      0.25,
      1,
      0.25,
      0.1111111119389534,
      0.0625,
      1,
      1,
      1,
      0.25,
      0.1111111119389534,
      0.25,
      1,
      0.25,
      0.1111111119389534,
      0.0625
    ],
    [
      0.03999999910593033,
      0.0625,
      0.1111111119389534,
      0.0625,
      0.03999999910593033,
      0.0625,
      0.1111111119389534,
      0.25,
      0.1111111119389534,
      0.0625,
      0.1111111119389534,
      0.25,
      1,
      0.25,
      0.1111111119389534,
      0.25,
      1,
      1,
      1,
      0.25,
      0.1111111119389534,
      0.25,
      1,
      0.25,
      0.1111111119389534
    ],
    [
      0.02777777798473835,
      0.03999999910593033,
      0.0625,
      0.1111111119389534,
      0.0625,
      0.03999999910593033,
      0.0625,
      0.1111111119389534,
      0.25,
      0.1111111119389534,
      0.0625,
      0.1111111119389534,
      0.25,
      1,
      0.25,
      0.1111111119389534,
      0.25,
      1,
      1,
      1,
      0.0625,
      0.1111111119389534,
      0.25,
      1,
      0.25
    ],
    [
      0.020408162847161293,
      0.02777777798473835,
      0.03999999910593033,
      0.0625,
      0.1111111119389534,
      0.02777777798473835,
      0.03999999910593033,
      0.0625,
      0.1111111119389534,
      0.25,
      0.03999999910593033,
      0.0625,
      0.1111111119389534,
      0.25,
      1,
      0.0625,
      0.1111111119389534,
      0.25,
      1,
      1,
      0.03999999910593033,
      0.0625,
      0.1111111119389534,
      0.25,
      1
    ],
    [
      0.0625,
      0.03999999910593033,
      0.02777777798473835,
      0.020408162847161293,
      0.015625,
      0.1111111119389534,
      0.0625,
      0.03999999910593033,
      0.02777777798473835,
      0.020408162847161293,
      0.25,
      0.1111111119389534,
      0.0625,
      0.03999999910593033,
      0.02777777798473835,
      1,
      0.25,
      0.1111111119389534,
      0.0625,
      0.03999999910593033,
      1,
      1,
      0.25,
      0.1111111119389534,
      0.0625
    ],
    [
      0.03999999910593033,
      0.0625,
      0.03999999910593033,
      0.02777777798473835,
      0.020408162847161293,
      0.0625,
      0.1111111119389534,
      0.0625,
      0.03999999910593033,
      0.02777777798473835,
      0.1111111119389534,
      0.25,
      0.1111111119389534,
      0.0625,
      0.03999999910593033,
      0.25,
      1,
      0.25,
      0.1111111119389534,
      0.0625,
      1,
      1,
      1,
      0.25,
      0.1111111119389534
    ],
    [
      0.02777777798473835,
      0.03999999910593033,
      0.0625,
      0.03999999910593033,
      0.02777777798473835,
      0.03999999910593033,
      0.0625,
      0.1111111119389534,
      0.0625,
      0.03999999910593033,
      0.0625,
      0.1111111119389534,
      0.25,
      0.1111111119389534,
      0.0625,
      0.1111111119389534,
      0.25,
      1,
      0.25,
      0.1111111119389534,
      0.25,
      1,
      1,
      1,
      0.25
    ],
    [
      0.020408162847161293,
      0.02777777798473835,
      0.03999999910593033,
      0.0625,
      0.03999999910593033,
      0.02777777798473835,
      0.03999999910593033,
      0.0625,
      0.1111111119389534,
      0.0625,
      0.03999999910593033,
      0.0625,
      0.1111111119389534,
      0.25,
      0.1111111119389534,
      0.0625,
      0.1111111119389534,
      0.25,
      1,
      0.25,
      0.1111111119389534,
      0.25,
      1,
      1,
      1
    ],
    [
      0.015625,
      0.020408162847161293,
      0.02777777798473835,
      0.03999999910593033,
      0.0625,
      0.020408162847161293,
      0.02777777798473835,
      0.03999999910593033,
      0.0625,
      0.1111111119389534,
      0.02777777798473835,
      0.03999999910593033,
      0.0625,
      0.1111111119389534,
      0.25,
      0.03999999910593033,
      0.0625,
      0.1111111119389534,
      0.25,
      1,
      0.0625,
      0.1111111119389534,
      0.25,
      1,
      1
    ]
  ]
}