{
  "nodes": [
    {
      "index": 0,
      "id": "0",
      "x": 2.2523248195648193,
      "y": 2.210827112197876
    },
    {
      "index": 1,
      "id": "1",
      "x": -1.5507848262786865,
      "y": -0.5487560629844666
    },
    {
      "index": 2,
      "id": "10",
      "x": -2.252328395843506,
      "y": -2.2108230590820312
    },
    {
      "index": 3,
      "id": "11",
      "x": 1.550787329673767,
      "y": 0.5487558841705322
    },
    {
      "index": 4,
      "id": "12",
      "x": 1.2107946872711182,
      "y": 1.709348440170288
    },
    {
      "index": 5,
      "id": "13",
      "x": -1.8153066635131836,
      "y": 3.356276512145996
    },
    {
      "index": 6,
      "id": "14",
      "x": -1.1042885780334473,
      "y": 2.425459384918213
    },
    {
      "index": 7,
      "id": "15",
      "x": 0.5336000323295593,
      "y": 0.13746576011180878
    },
    {
      "index": 8,
      "id": "16",
      "x": 3.404785633087158,
      "y": 2.2543413639068604
    },
    {
      "index": 9,
      "id": "17",
      "x": 1.9694068431854248,
      "y": -1.619869589805603
    },
    {
      "index": 10,
      "id": "18",
      "x": 2.165435314178467,
      "y": -0.4748671352863312
    },
    {
      "index": 11,
      "id": "19",
      "x": 0.11911191791296005,
      "y": 2.2972781658172607
    },
    {
      "index": 12,
      "id": "2",
      "x": -1.2107951641082764,
      "y": -1.7093493938446045
    },
    {
      "index": 13,
      "id": "3",
      "x": 1.8153049945831299,
      "y": -3.356278419494629
    },
    {
      "index": 14,
      "id": "4",
      "x": 1.104288101196289,
      "y": -2.4254603385925293
    },
    {
      "index": 15,
      "id": "5",
      "x": -0.5335960984230042,
      "y": -0.13746865093708038
    },
    {
      "index": 16,
      "id": "6",
      "x": -3.4047889709472656,
      "y": -2.2543344497680664
    },
    {
      "index": 17,
      "id": "7",
      "x": -1.9694066047668457,
      "y": 1.6198683977127075
    },
    {
      "index": 18,
      "id": "8",
      "x": -2.1654341220855713,
      "y": 0.47486603260040283
    },
    {
      "index": 19,
      "id": "9",
      "x": -0.11911246180534363,
      "y": -2.297279119491577
    }
  ],
  "edges": [
    {
      "source": "0",
      "target": "16"
    },
    {
      "source": "0",
      "target": "12"
    },
    {
      "source": "1",
      "target": "5"
    },
    {
      "source": "1",
      "target": "8"
    },
    {
      "source": "1",
      "target": "2"
    },
    {
      "source": "10",
      "target": "6"
    },
    {
      "source": "10",
      "target": "2"
    },
    {
      "source": "11",
      "target": "15"
    },
    {
      "source": "11",
      "target": "18"
    },
    {
      "source": "11",
      "target": "12"
    },
    {
      "source": "12",
      "target": "19"
    },
    {
      "source": "13",
      "target": "14"
    },
    {
      "source": "14",
      "target": "19"
    },
    {
      "source": "14",
      "target": "7"
    },
    {
      "source": "15",
      "target": "5"
    },
    {
      "source": "17",
      "target": "18"
    },
    {
      "source": "17",
      "target": "4"
    },
    {
      "source": "2",
      "target": "9"
    },
    {
      "source": "3",
      "target": "4"
    },
    {
      "source": "4",
      "target": "9"
    },
    {
      "source": "7",
      "target": "8"
    }
  ],
  "coef": {
    "stress": 0.29,
    "crossing_angle": 0,
    "neighbor": 0,
    "edge_uniformity": 1,
    "crossing_number": 0,
    "angular_resolution": 0.08,
    "vertex_resolution": 0,
    "gabriel": 0,
    "aspect_ratio": 0.14
  },
  "optimizer": {
    "lr": 0.026625284693403126,
    "momentum": 0.5
  },
  "graphDistance": [
    [
      0,
      5,
      7,
      2,
      1,
      4,
      3,
      3,
      1,
      4,
      3,
      2,
      6,
      6,
      5,
      4,
      8,
      4,
      5,
      6
    ],
    [
      5,
      0,
      2,
      3,
      4,
      4,
      3,
      2,
      6,
      4,
      4,
      4,
      1,
      4,
      3,
      1,
      3,
      2,
      1,
      2
    ],
    [
      7,
      2,
      0,
      5,
      6,
      6,
      5,
      4,
      8,
      4,
      5,
      6,
      1,
      4,
      3,
      3,
      1,
      4,
      3,
      2
    ],
    [
      2,
      3,
      5,
      0,
      1,
      4,
      3,
      1,
      3,
      2,
      1,
      2,
      4,
      4,
      3,
      2,
      6,
      4,
      4,
      4
    ],
    [
      1,
      4,
      6,
      1,
      0,
      3,
      2,
      2,
      2,
      3,
      2,
      1,
      5,
      5,
      4,
      3,
      7,
      3,
      4,
      5
    ],
    [
      4,
      4,
      6,
      4,
      3,
      0,
      1,
      5,
      5,
      6,
      5,
      2,
      5,
      8,
      7,
      5,
      7,
      2,
      3,
      6
    ],
    [
      3,
      3,
      5,
      3,
      2,
      1,
      0,
      4,
      4,
      5,
      4,
      1,
      4,
      7,
      6,
      4,
      6,
      1,
      2,
      5
    ],
    [
      3,
      2,
      4,
      1,
      2,
      5,
      4,
      0,
      4,
      3,
      2,
      3,
      3,
      5,
      4,
      1,
      5,
      4,
      3,
      4
    ],
    [
      1,
      6,
      8,
      3,
      2,
      5,
      4,
      4,
      0,
      5,
      4,
      3,
      7,
      7,
      6,
      5,
      9,
      5,
      6,
      7
    ],
    [
      4,
      4,
      4,
      2,
      3,
      6,
      5,
      3,
      5,
      0,
      1,
      4,
      3,
      2,
      1,
      4,
      5,
      6,
      5,
      2
    ],
    [
      3,
      4,
      5,
      1,
      2,
      5,
      4,
      2,
      4,
      1,
      0,
      3,
      4,
      3,
      2,
      3,
      6,
      5,
      5,
      3
    ],
    [
      2,
      4,
      6,
      2,
      1,
      2,
      1,
      3,
      3,
      4,
      3,
      0,
      5,
      6,
      5,
      4,
      7,
      2,
      3,
      6
    ],
    [
      6,
      1,
      1,
      4,
      5,
      5,
      4,
      3,
      7,
      3,
      4,
      5,
      0,
      3,
      2,
      2,
      2,
      3,
      2,
      1
    ],
    [
      6,
      4,
      4,
      4,
      5,
      8,
      7,
      5,
      7,
      2,
      3,
      6,
      3,
      0,
      1,
      5,
      5,
      6,
      5,
      2
    ],
    [
      5,
      3,
      3,
      3,
      4,
      7,
      6,
      4,
      6,
      1,
      2,
      5,
      2,
      1,
      0,
      4,
      4,
      5,
      4,
      1
    ],
    [
      4,
      1,
      3,
      2,
      3,
      5,
      4,
      1,
      5,
      4,
      3,
      4,
      2,
      5,
      4,
      0,
      4,
      3,
      2,
      3
    ],
    [
      8,
      3,
      1,
      6,
      7,
      7,
      6,
      5,
      9,
      5,
      6,
      7,
      2,
      5,
      4,
      4,
      0,
      5,
      4,
      3
    ],
    [
      4,
      2,
      4,
      4,
      3,
      2,
      1,
      4,
      5,
      6,
      5,
      2,
      3,
      6,
      5,
      3,
      5,
      0,
      1,
      4
    ],
    [
      5,
      1,
      3,
      4,
      4,
      3,
      2,
      3,
      6,
      5,
      5,
      3,
      2,
      5,
      4,
      2,
      4,
      1,
      0,
      3
    ],
    [
      6,
      2,
      2,
      4,
      5,
      6,
      5,
      4,
      7,
      2,
      3,
      6,
      1,
      2,
      1,
      3,
      3,
      4,
      3,
      0
    ]
  ],
  "weight": [
    [
      1,
      0.03999999910593033,
      0.020408162847161293,
      0.25,
      1,
      0.0625,
      0.1111111119389534,
      0.1111111119389534,
      1,
      0.0625,
      0.1111111119389534,
      0.25,
      0.02777777798473835,
      0.02777777798473835,
      0.03999999910593033,
      0.0625,
      0.015625,
      0.0625,
      0.03999999910593033,
      0.02777777798473835
    ],
    [
      0.03999999910593033,
      1,
      0.25,
      0.1111111119389534,
      0.0625,
      0.0625,
      0.1111111119389534,
      0.25,
      0.02777777798473835,
      0.0625,
      0.0625,
      0.0625,
      1,
      0.0625,
      0.1111111119389534,
      1,
      0.1111111119389534,
      0.25,
      1,
      0.25
    ],
    [
      0.020408162847161293,
      0.25,
      1,
      0.03999999910593033,
      0.02777777798473835,
      0.02777777798473835,
      0.03999999910593033,
      0.0625,
      0.015625,
      0.0625,
      0.03999999910593033,
      0.02777777798473835,
      1,
      0.0625,
      0.1111111119389534,
      0.1111111119389534,
      1,
      0.0625,
      0.1111111119389534,
      0.25
    ],
    [
      0.25,
      0.1111111119389534,
      0.03999999910593033,
      1,
      1,
      0.0625,
      0.1111111119389534,
      1,
      0.1111111119389534,
      0.25,
      1,
      0.25,
      0.0625,
      0.0625,
      0.1111111119389534,
      0.25,
      0.02777777798473835,
      0.0625,
      0.0625,
      0.0625
    ],
    [
      1,
      0.0625,
      0.02777777798473835,
      1,
      1,
      0.1111111119389534,
      0.25,
      0.25,
      0.25,
      0.1111111119389534,
      0.25,
      1,
      0.03999999910593033,
      0.03999999910593033,
      0.0625,
      0.1111111119389534,
      0.020408162847161293,
      0.1111111119389534,
      0.0625,
      0.03999999910593033
    ],
    [
      0.0625,
      0.0625,
      0.02777777798473835,
      0.0625,
      0.1111111119389534,
      1,
      1,
      0.03999999910593033,
      0.03999999910593033,
      0.02777777798473835,
      0.03999999910593033,
      0.25,
      0.03999999910593033,
      0.015625,
      0.020408162847161293,
      0.03999999910593033,
      0.020408162847161293,
      0.25,
      0.1111111119389534,
      0.02777777798473835
    ],
    [
      0.1111111119389534,
      0.1111111119389534,
      0.03999999910593033,
      0.1111111119389534,
      0.25,
      1,
      1,
      0.0625,
      0.0625,
      0.03999999910593033,
      0.0625,
      1,
      0.0625,
      0.020408162847161293,
      0.02777777798473835,
      0.0625,
      0.02777777798473835,
      1,
      0.25,
      0.03999999910593033
    ],
    [
      0.1111111119389534,
      0.25,
      0.0625,
      1,
      0.25,
      0.03999999910593033,
      0.0625,
      1,
      0.0625,
      0.1111111119389534,
      0.25,
      0.1111111119389534,
      0.1111111119389534,
      0.03999999910593033,
      0.0625,
      1,
      0.03999999910593033,
      0.0625,
      0.1111111119389534,
      0.0625
    ],
    [
      1,
      0.02777777798473835,
      0.015625,
      0.1111111119389534,
      0.25,
      0.03999999910593033,
      0.0625,
      0.0625,
      1,
      0.03999999910593033,
      0.0625,
      0.1111111119389534,
      0.020408162847161293,
      0.020408162847161293,
      0.02777777798473835,
      0.03999999910593033,
      0.012345679104328156,
      0.03999999910593033,
      0.02777777798473835,
      0.020408162847161293
    ],
    [
      0.0625,
      0.0625,
      0.0625,
      0.25,
      0.1111111119389534,
      0.02777777798473835,
      0.03999999910593033,
      0.1111111119389534,
      0.03999999910593033,
      1,
      1,
      0.0625,
      0.1111111119389534,
      0.25,
      1,
      0.0625,
      0.03999999910593033,
      0.02777777798473835,
      0.03999999910593033,
      0.25
    ],
    [
      0.1111111119389534,
      0.0625,
      0.03999999910593033,
      1,
      0.25,
      0.03999999910593033,
      0.0625,
      0.25,
      0.0625,
      1,
      1,
      0.1111111119389534,
      0.0625,
      0.1111111119389534,
      0.25,
      0.1111111119389534,
      0.02777777798473835,
      0.03999999910593033,
      0.03999999910593033,
      0.1111111119389534
    ],
    [
      0.25,
      0.0625,
      0.02777777798473835,
      0.25,
      1,
      0.25,
      1,
      0.1111111119389534,
      0.1111111119389534,
      0.0625,
      0.1111111119389534,
      1,
      0.03999999910593033,
      0.02777777798473835,
      0.03999999910593033,
      0.0625,
      0.020408162847161293,
      0.25,
      0.1111111119389534,
      0.02777777798473835
    ],
    [
      0.02777777798473835,
      1,
      1,
      0.0625,
      0.03999999910593033,
      0.03999999910593033,
      0.0625,
      0.1111111119389534,
      0.020408162847161293,
      0.1111111119389534,
      0.0625,
      0.03999999910593033,
      1,
      0.1111111119389534,
      0.25,
      0.25,
      0.25,
      0.1111111119389534,
      0.25,
      1
    ],
    [
      0.02777777798473835,
      0.0625,
      0.0625,
      0.0625,
      0.03999999910593033,
      0.015625,
      0.020408162847161293,
      0.03999999910593033,
      0.020408162847161293,
      0.25,
      0.1111111119389534,
      0.02777777798473835,
      0.1111111119389534,
      1,
      1,
      0.03999999910593033,
      0.03999999910593033,
      0.02777777798473835,
      0.03999999910593033,
      0.25
    ],
    [
      0.03999999910593033,
      0.1111111119389534,
      0.1111111119389534,
      0.1111111119389534,
      0.0625,
      0.020408162847161293,
      0.02777777798473835,
      0.0625,
      0.02777777798473835,
      1,
      0.25,
      0.03999999910593033,
      0.25,
      1,
      1,
      0.0625,
      0.0625,
      0.03999999910593033,
      0.0625,
      1
    ],
    [
      0.0625,
      1,
      0.1111111119389534,
      0.25,
      0.1111111119389534,
      0.03999999910593033,
      0.0625,
      1,
      0.03999999910593033,
      0.0625,
      0.1111111119389534,
      0.0625,
      0.25,
      0.03999999910593033,
      0.0625,
      1,
      0.0625,
      0.1111111119389534,
      0.25,
      0.1111111119389534
    ],
    [
      0.015625,
      0.1111111119389534,
      1,
      0.02777777798473835,
      0.020408162847161293,
      0.020408162847161293,
      0.02777777798473835,
      0.03999999910593033,
      0.012345679104328156,
      0.03999999910593033,
      0.02777777798473835,
      0.020408162847161293,
      0.25,
      0.03999999910593033,
      0.0625,
      0.0625,
      1,
      0.03999999910593033,
      0.0625,
      0.1111111119389534
    ],
    [
      0.0625,
      0.25,
      0.0625,
      0.0625,
      0.1111111119389534,
      0.25,
      1,
      0.0625,
      0.03999999910593033,
      0.02777777798473835,
      0.03999999910593033,
      0.25,
      0.1111111119389534,
      0.02777777798473835,
      0.03999999910593033,
      0.1111111119389534,
      0.03999999910593033,
      1,
      1,
      0.0625
    ],
    [
      0.03999999910593033,
      1,
      0.1111111119389534,
      0.0625,
      0.0625,
      0.1111111119389534,
      0.25,
      0.1111111119389534,
      0.02777777798473835,
      0.03999999910593033,
      0.03999999910593033,
      0.1111111119389534,
      0.25,
      0.03999999910593033,
      0.0625,
      0.25,
      0.0625,
      1,
      1,
      0.1111111119389534
    ],
    [
      0.02777777798473835,
      0.25,
      0.25,
      0.0625,
      0.03999999910593033,
      0.02777777798473835,
      0.03999999910593033,
      0.0625,
      0.020408162847161293,
      0.25,
      0.1111111119389534,
      0.02777777798473835,
      1,
      0.25,
      1,
      0.1111111119389534,
      0.1111111119389534,
      0.0625,
      0.1111111119389534,
      1
    ]
  ]
}