{
  "nodes": [
    {
      "index": 0,
      "id": "(0, 0)",
      "x": 329.12,
      "y": 446.66
    },
    {
      "index": 1,
      "id": "(0, 1)",
      "x": 258.96,
      "y": 421.46
    },
    {
      "index": 2,
      "id": "(0, 2)",
      "x": 176.6,
      "y": 387.92
    },
    {
      "index": 3,
      "id": "(0, 3)",
      "x": 95.792,
      "y": 351.08
    },
    {
      "index": 4,
      "id": "(0, 4)",
      "x": 29.262,
      "y": 317.54
    },
    {
      "index": 5,
      "id": "(1, 0)",
      "x": 362.62,
      "y": 380.32
    },
    {
      "index": 6,
      "id": "(1, 1)",
      "x": 291.43,
      "y": 352.26
    },
    {
      "index": 7,
      "id": "(1, 2)",
      "x": 207.07,
      "y": 316.98
    },
    {
      "index": 8,
      "id": "(1, 3)",
      "x": 123.73,
      "y": 279.83
    },
    {
      "index": 9,
      "id": "(1, 4)",
      "x": 54.531,
      "y": 247.51
    },
    {
      "index": 10,
      "id": "(2, 0)",
      "x": 399.44,
      "y": 299.46
    },
    {
      "index": 11,
      "id": "(2, 1)",
      "x": 328.71,
      "y": 268.97
    },
    {
      "index": 12,
      "id": "(2, 2)",
      "x": 243.88,
      "y": 232.34
    },
    {
      "index": 13,
      "id": "(2, 3)",
      "x": 158.89,
      "y": 195.91
    },
    {
      "index": 14,
      "id": "(2, 4)",
      "x": 88.027,
      "y": 165.29
    },
    {
      "index": 15,
      "id": "(3, 0)",
      "x": 433.22,
      "y": 217.18
    },
    {
      "index": 16,
      "id": "(3, 1)",
      "x": 363.68,
      "y": 184.8
    },
    {
      "index": 17,
      "id": "(3, 2)",
      "x": 280.34,
      "y": 147.68
    },
    {
      "index": 18,
      "id": "(3, 3)",
      "x": 196.2,
      "y": 112.52
    },
    {
      "index": 19,
      "id": "(3, 4)",
      "x": 125.01,
      "y": 84.396
    },
    {
      "index": 20,
      "id": "(4, 0)",
      "x": 458.46,
      "y": 147.23
    },
    {
      "index": 21,
      "id": "(4, 1)",
      "x": 391.82,
      "y": 113.58
    },
    {
      "index": 22,
      "id": "(4, 2)",
      "x": 310.91,
      "y": 76.844
    },
    {
      "index": 23,
      "id": "(4, 3)",
      "x": 228.71,
      "y": 43.043
    },
    {
      "index": 24,
      "id": "(4, 4)",
      "x": 158.6,
      "y": 18.0
    }
  ],
  "edges": [
    {
      "source": "(0, 0)",
      "target": "(1, 0)"
    },
    {
      "source": "(0, 0)",
      "target": "(0, 1)"
    },
    {
      "source": "(0, 1)",
      "target": "(0, 2)"
    },
    {
      "source": "(0, 1)",
      "target": "(1, 1)"
    },
    {
      "source": "(0, 2)",
      "target": "(0, 3)"
    },
    {
      "source": "(0, 2)",
      "target": "(1, 2)"
    },
    {
      "source": "(0, 3)",
      "target": "(1, 3)"
    },
    {
      "source": "(0, 3)",
      "target": "(0, 4)"
    },
    {
      "source": "(0, 4)",
      "target": "(1, 4)"
    },
    {
      "source": "(1, 0)",
      "target": "(2, 0)"
    },
    {
      "source": "(1, 0)",
      "target": "(1, 1)"
    },
    {
      "source": "(1, 1)",
      "target": "(1, 2)"
    },
    {
      "source": "(1, 1)",
      "target": "(2, 1)"
    },
    {
      "source": "(1, 2)",
      "target": "(1, 3)"
    },
    {
      "source": "(1, 2)",
      "target": "(2, 2)"
    },
    {
      "source": "(1, 3)",
      "target": "(1, 4)"
    },
    {
      "source": "(1, 3)",
      "target": "(2, 3)"
    },
    {
      "source": "(1, 4)",
      "target": "(2, 4)"
    },
    {
      "source": "(2, 0)",
      "target": "(3, 0)"
    },
    {
      "source": "(2, 0)",
      "target": "(2, 1)"
    },
    {
      "source": "(2, 1)",
      "target": "(3, 1)"
    },
    {
      "source": "(2, 1)",
      "target": "(2, 2)"
    },
    {
      "source": "(2, 2)",
      "target": "(3, 2)"
    },
    {
      "source": "(2, 2)",
      "target": "(2, 3)"
    },
    {
      "source": "(2, 3)",
      "target": "(2, 4)"
    },
    {
      "source": "(2, 3)",
      "target": "(3, 3)"
    },
    {
      "source": "(2, 4)",
      "target": "(3, 4)"
    },
    {
      "source": "(3, 0)",
      "target": "(4, 0)"
    },
    {
      "source": "(3, 0)",
      "target": "(3, 1)"
    },
    {
      "source": "(3, 1)",
      "target": "(4, 1)"
    },
    {
      "source": "(3, 1)",
      "target": "(3, 2)"
    },
    {
      "source": "(3, 2)",
      "target": "(3, 3)"
    },
    {
      "source": "(3, 2)",
      "target": "(4, 2)"
    },
    {
      "source": "(3, 3)",
      "target": "(4, 3)"
    },
    {
      "source": "(3, 3)",
      "target": "(3, 4)"
    },
    {
      "source": "(3, 4)",
      "target": "(4, 4)"
    },
    {
      "source": "(4, 0)",
      "target": "(4, 1)"
    },
    {
      "source": "(4, 1)",
      "target": "(4, 2)"
    },
    {
      "source": "(4, 2)",
      "target": "(4, 3)"
    },
    {
      "source": "(4, 3)",
      "target": "(4, 4)"
    }
  ],
  "weight": [
    [
      1.0,
      1.0,
      0.25,
      0.1111111119389534,
      0.0625,
      1.0,
      0.25,
      0.1111111119389534,
      0.0625,
      0.03999999910593033,
      0.25,
      0.1111111119389534,
      0.0625,
      0.03999999910593033,
      0.02777777798473835,
      0.1111111119389534,
      0.0625,
      0.03999999910593033,
      0.02777777798473835,
      0.020408162847161293,
      0.0625,
      0.03999999910593033,
      0.02777777798473835,
      0.020408162847161293,
      0.015625
    ],
    [
      1.0,
      1.0,
      1.0,
      0.25,
      0.1111111119389534,
      0.25,
      1.0,
      0.25,
      0.1111111119389534,
      0.0625,
      0.1111111119389534,
      0.25,
      0.1111111119389534,
      0.0625,
      0.03999999910593033,
      0.0625,
      0.1111111119389534,
      0.0625,
      0.03999999910593033,
      0.02777777798473835,
      0.03999999910593033,
      0.0625,
      0.03999999910593033,
      0.02777777798473835,
      0.020408162847161293
    ],
    [
      0.25,
      1.0,
      1.0,
      1.0,
      0.25,
      0.1111111119389534,
      0.25,
      1.0,
      0.25,
      0.1111111119389534,
      0.0625,
      0.1111111119389534,
      0.25,
      0.1111111119389534,
      0.0625,
      0.03999999910593033,
      0.0625,
      0.1111111119389534,
      0.0625,
      0.03999999910593033,
      0.02777777798473835,
      0.03999999910593033,
      0.0625,
      0.03999999910593033,
      0.02777777798473835
    ],
    [
      0.1111111119389534,
      0.25,
      1.0,
      1.0,
      1.0,
      0.0625,
      0.1111111119389534,
      0.25,
      1.0,
      0.25,
      0.03999999910593033,
      0.0625,
      0.1111111119389534,
      0.25,
      0.1111111119389534,
      0.02777777798473835,
      0.03999999910593033,
      0.0625,
      0.1111111119389534,
      0.0625,
      0.020408162847161293,
      0.02777777798473835,
      0.03999999910593033,
      0.0625,
      0.03999999910593033
    ],
    [
      0.0625,
      0.1111111119389534,
      0.25,
      1.0,
      1.0,
      0.03999999910593033,
      0.0625,
      0.1111111119389534,
      0.25,
      1.0,
      0.02777777798473835,
      0.03999999910593033,
      0.0625,
      0.1111111119389534,
      0.25,
      0.020408162847161293,
      0.02777777798473835,
      0.03999999910593033,
      0.0625,
      0.1111111119389534,
      0.015625,
      0.020408162847161293,
      0.02777777798473835,
      0.03999999910593033,
      0.0625
    ],
    [
      1.0,
      0.25,
      0.1111111119389534,
      0.0625,
      0.03999999910593033,
      1.0,
      1.0,
      0.25,
      0.1111111119389534,
      0.0625,
      1.0,
      0.25,
      0.1111111119389534,
      0.0625,
      0.03999999910593033,
      0.25,
      0.1111111119389534,
      0.0625,
      0.03999999910593033,
      0.02777777798473835,
      0.1111111119389534,
      0.0625,
      0.03999999910593033,
      0.02777777798473835,
      0.020408162847161293
    ],
    [
      0.25,
      1.0,
      0.25,
      0.1111111119389534,
      0.0625,
      1.0,
      1.0,
      1.0,
      0.25,
      0.1111111119389534,
      0.25,
      1.0,
      0.25,
      0.1111111119389534,
      0.0625,
      0.1111111119389534,
      0.25,
      0.1111111119389534,
      0.0625,
      0.03999999910593033,
      0.0625,
      0.1111111119389534,
      0.0625,
      0.03999999910593033,
      0.02777777798473835
    ],
    [
      0.1111111119389534,
      0.25,
      1.0,
      0.25,
      0.1111111119389534,
      0.25,
      1.0,
      1.0,
      1.0,
      0.25,
      0.1111111119389534,
      0.25,
      1.0,
      0.25,
      0.1111111119389534,
      0.0625,
      0.1111111119389534,
      0.25,
      0.1111111119389534,
      0.0625,
      0.03999999910593033,
      0.0625,
      0.1111111119389534,
      0.0625,
      0.03999999910593033
    ],
    [
      0.0625,
      0.1111111119389534,
      0.25,
      1.0,
      0.25,
      0.1111111119389534,
      0.25,
      1.0,
      1.0,
      1.0,
      0.0625,
      0.1111111119389534,
      0.25,
      1.0,
      0.25,
      0.03999999910593033,
      0.0625,
      0.1111111119389534,
      0.25,
      0.1111111119389534,
      0.02777777798473835,
      0.03999999910593033,
      0.0625,
      0.1111111119389534,
      0.0625
    ],
    [
      0.03999999910593033,
      0.0625,
      0.1111111119389534,
      0.25,
      1.0,
      0.0625,
      0.1111111119389534,
      0.25,
      1.0,
      1.0,
      0.03999999910593033,
      0.0625,
      0.1111111119389534,
      0.25,
      1.0,
      0.02777777798473835,
      0.03999999910593033,
      0.0625,
      0.1111111119389534,
      0.25,
      0.020408162847161293,
      0.02777777798473835,
      0.03999999910593033,
      0.0625,
      0.1111111119389534
    ],
    [
      0.25,
      0.1111111119389534,
      0.0625,
      0.03999999910593033,
      0.02777777798473835,
      1.0,
      0.25,
      0.1111111119389534,
      0.0625,
      0.03999999910593033,
      1.0,
      1.0,
      0.25,
      0.1111111119389534,
      0.0625,
      1.0,
      0.25,
      0.1111111119389534,
      0.0625,
      0.03999999910593033,
      0.25,
      0.1111111119389534,
      0.0625,
      0.03999999910593033,
      0.02777777798473835
    ],
    [
      0.1111111119389534,
      0.25,
      0.1111111119389534,
      0.0625,
      0.03999999910593033,
      0.25,
      1.0,
      0.25,
      0.1111111119389534,
      0.0625,
      1.0,
      1.0,
      1.0,
      0.25,
      0.1111111119389534,
      0.25,
      1.0,
      0.25,
      0.1111111119389534,
      0.0625,
      0.1111111119389534,
      0.25,
      0.1111111119389534,
      0.0625,
      0.03999999910593033
    ],
    [
      0.0625,
      0.1111111119389534,
      0.25,
      0.1111111119389534,
      0.0625,
      0.1111111119389534,
      0.25,
      1.0,
      0.25,
      0.1111111119389534,
      0.25,
      1.0,
      1.0,
      1.0,
      0.25,
      0.1111111119389534,
      0.25,
      1.0,
      0.25,
      0.1111111119389534,
      0.0625,
      0.1111111119389534,
      0.25,
      0.1111111119389534,
      0.0625
    ],
    [
      0.03999999910593033,
      0.0625,
      0.1111111119389534,
      0.25,
      0.1111111119389534,
      0.0625,
      0.1111111119389534,
      0.25,
      1.0,
      0.25,
      0.1111111119389534,
      0.25,
      1.0,
      1.0,
      1.0,
      0.0625,
      0.1111111119389534,
      0.25,
      1.0,
      0.25,
      0.03999999910593033,
      0.0625,
      0.1111111119389534,
      0.25,
      0.1111111119389534
    ],
    [
      0.02777777798473835,
      0.03999999910593033,
      0.0625,
      0.1111111119389534,
      0.25,
      0.03999999910593033,
      0.0625,
      0.1111111119389534,
      0.25,
      1.0,
      0.0625,
      0.1111111119389534,
      0.25,
      1.0,
      1.0,
      0.03999999910593033,
      0.0625,
      0.1111111119389534,
      0.25,
      1.0,
      0.02777777798473835,
      0.03999999910593033,
      0.0625,
      0.1111111119389534,
      0.25
    ],
    [
      0.1111111119389534,
      0.0625,
      0.03999999910593033,
      0.02777777798473835,
      0.020408162847161293,
      0.25,
      0.1111111119389534,
      0.0625,
      0.03999999910593033,
      0.02777777798473835,
      1.0,
      0.25,
      0.1111111119389534,
      0.0625,
      0.03999999910593033,
      1.0,
      1.0,
      0.25,
      0.1111111119389534,
      0.0625,
      1.0,
      0.25,
      0.1111111119389534,
      0.0625,
      0.03999999910593033
    ],
    [
      0.0625,
      0.1111111119389534,
      0.0625,
      0.03999999910593033,
      0.02777777798473835,
      0.1111111119389534,
      0.25,
      0.1111111119389534,
      0.0625,
      0.03999999910593033,
      0.25,
      1.0,
      0.25,
      0.1111111119389534,
      0.0625,
      1.0,
      1.0,
      1.0,
      0.25,
      0.1111111119389534,
      0.25,
      1.0,
      0.25,
      0.1111111119389534,
      0.0625
    ],
    [
      0.03999999910593033,
      0.0625,
      0.1111111119389534,
      0.0625,
      0.03999999910593033,
      0.0625,
      0.1111111119389534,
      0.25,
      0.1111111119389534,
      0.0625,
      0.1111111119389534,
      0.25,
      1.0,
      0.25,
      0.1111111119389534,
      0.25,
      1.0,
      1.0,
      1.0,
      0.25,
      0.1111111119389534,
      0.25,
      1.0,
      0.25,
      0.1111111119389534
    ],
    [
      0.02777777798473835,
      0.03999999910593033,
      0.0625,
      0.1111111119389534,
      0.0625,
      0.03999999910593033,
      0.0625,
      0.1111111119389534,
      0.25,
      0.1111111119389534,
      0.0625,
      0.1111111119389534,
      0.25,
      1.0,
      0.25,
      0.1111111119389534,
      0.25,
      1.0,
      1.0,
      1.0,
      0.0625,
      0.1111111119389534,
      0.25,
      1.0,
      0.25
    ],
    [
      0.020408162847161293,
      0.02777777798473835,
      0.03999999910593033,
      0.0625,
      0.1111111119389534,
      0.02777777798473835,
      0.03999999910593033,
      0.0625,
      0.1111111119389534,
      0.25,
      0.03999999910593033,
      0.0625,
      0.1111111119389534,
      0.25,
      1.0,
      0.0625,
      0.1111111119389534,
      0.25,
      1.0,
      1.0,
      0.03999999910593033,
      0.0625,
      0.1111111119389534,
      0.25,
      1.0
    ],
    [
      0.0625,
      0.03999999910593033,
      0.02777777798473835,
      0.020408162847161293,
      0.015625,
      0.1111111119389534,
      0.0625,
      0.03999999910593033,
      0.02777777798473835,
      0.020408162847161293,
      0.25,
      0.1111111119389534,
      0.0625,
      0.03999999910593033,
      0.02777777798473835,
      1.0,
      0.25,
      0.1111111119389534,
      0.0625,
      0.03999999910593033,
      1.0,
      1.0,
      0.25,
      0.1111111119389534,
      0.0625
    ],
    [
      0.03999999910593033,
      0.0625,
      0.03999999910593033,
      0.02777777798473835,
      0.020408162847161293,
      0.0625,
      0.1111111119389534,
      0.0625,
      0.03999999910593033,
      0.02777777798473835,
      0.1111111119389534,
      0.25,
      0.1111111119389534,
      0.0625,
      0.03999999910593033,
      0.25,
      1.0,
      0.25,
      0.1111111119389534,
      0.0625,
      1.0,
      1.0,
      1.0,
      0.25,
      0.1111111119389534
    ],
    [
      0.02777777798473835,
      0.03999999910593033,
      0.0625,
      0.03999999910593033,
      0.02777777798473835,
      0.03999999910593033,
      0.0625,
      0.1111111119389534,
      0.0625,
      0.03999999910593033,
      0.0625,
      0.1111111119389534,
      0.25,
      0.1111111119389534,
      0.0625,
      0.1111111119389534,
      0.25,
      1.0,
      0.25,
      0.1111111119389534,
      0.25,
      1.0,
      1.0,
      1.0,
      0.25
    ],
    [
      0.020408162847161293,
      0.02777777798473835,
      0.03999999910593033,
      0.0625,
      0.03999999910593033,
      0.02777777798473835,
      0.03999999910593033,
      0.0625,
      0.1111111119389534,
      0.0625,
      0.03999999910593033,
      0.0625,
      0.1111111119389534,
      0.25,
      0.1111111119389534,
      0.0625,
      0.1111111119389534,
      0.25,
      1.0,
      0.25,
      0.1111111119389534,
      0.25,
      1.0,
      1.0,
      1.0
    ],
    [
      0.015625,
      0.020408162847161293,
      0.02777777798473835,
      0.03999999910593033,
      0.0625,
      0.020408162847161293,
      0.02777777798473835,
      0.03999999910593033,
      0.0625,
      0.1111111119389534,
      0.02777777798473835,
      0.03999999910593033,
      0.0625,
      0.1111111119389534,
      0.25,
      0.03999999910593033,
      0.0625,
      0.1111111119389534,
      0.25,
      1.0,
      0.0625,
      0.1111111119389534,
      0.25,
      1.0,
      1.0
    ]
  ],
  "graphDistance": [
    [
      0.0,
      1.0,
      2.0,
      3.0,
      4.0,
      1.0,
      2.0,
      3.0,
      4.0,
      5.0,
      2.0,
      3.0,
      4.0,
      5.0,
      6.0,
      3.0,
      4.0,
      5.0,
      6.0,
      7.0,
      4.0,
      5.0,
      6.0,
      7.0,
      8.0
    ],
    [
      1.0,
      0.0,
      1.0,
      2.0,
      3.0,
      2.0,
      1.0,
      2.0,
      3.0,
      4.0,
      3.0,
      2.0,
      3.0,
      4.0,
      5.0,
      4.0,
      3.0,
      4.0,
      5.0,
      6.0,
      5.0,
      4.0,
      5.0,
      6.0,
      7.0
    ],
    [
      2.0,
      1.0,
      0.0,
      1.0,
      2.0,
      3.0,
      2.0,
      1.0,
      2.0,
      3.0,
      4.0,
      3.0,
      2.0,
      3.0,
      4.0,
      5.0,
      4.0,
      3.0,
      4.0,
      5.0,
      6.0,
      5.0,
      4.0,
      5.0,
      6.0
    ],
    [
      3.0,
      2.0,
      1.0,
      0.0,
      1.0,
      4.0,
      3.0,
      2.0,
      1.0,
      2.0,
      5.0,
      4.0,
      3.0,
      2.0,
      3.0,
      6.0,
      5.0,
      4.0,
      3.0,
      4.0,
      7.0,
      6.0,
      5.0,
      4.0,
      5.0
    ],
    [
      4.0,
      3.0,
      2.0,
      1.0,
      0.0,
      5.0,
      4.0,
      3.0,
      2.0,
      1.0,
      6.0,
      5.0,
      4.0,
      3.0,
      2.0,
      7.0,
      6.0,
      5.0,
      4.0,
      3.0,
      8.0,
      7.0,
      6.0,
      5.0,
      4.0
    ],
    [
      1.0,
      2.0,
      3.0,
      4.0,
      5.0,
      0.0,
      1.0,
      2.0,
      3.0,
      4.0,
      1.0,
      2.0,
      3.0,
      4.0,
      5.0,
      2.0,
      3.0,
      4.0,
      5.0,
      6.0,
      3.0,
      4.0,
      5.0,
      6.0,
      7.0
    ],
    [
      2.0,
      1.0,
      2.0,
      3.0,
      4.0,
      1.0,
      0.0,
      1.0,
      2.0,
      3.0,
      2.0,
      1.0,
      2.0,
      3.0,
      4.0,
      3.0,
      2.0,
      3.0,
      4.0,
      5.0,
      4.0,
      3.0,
      4.0,
      5.0,
      6.0
    ],
    [
      3.0,
      2.0,
      1.0,
      2.0,
      3.0,
      2.0,
      1.0,
      0.0,
      1.0,
      2.0,
      3.0,
      2.0,
      1.0,
      2.0,
      3.0,
      4.0,
      3.0,
      2.0,
      3.0,
      4.0,
      5.0,
      4.0,
      3.0,
      4.0,
      5.0
    ],
    [
      4.0,
      3.0,
      2.0,
      1.0,
      2.0,
      3.0,
      2.0,
      1.0,
      0.0,
      1.0,
      4.0,
      3.0,
      2.0,
      1.0,
      2.0,
      5.0,
      4.0,
      3.0,
      2.0,
      3.0,
      6.0,
      5.0,
      4.0,
      3.0,
      4.0
    ],
    [
      5.0,
      4.0,
      3.0,
      2.0,
      1.0,
      4.0,
      3.0,
      2.0,
      1.0,
      0.0,
      5.0,
      4.0,
      3.0,
      2.0,
      1.0,
      6.0,
      5.0,
      4.0,
      3.0,
      2.0,
      7.0,
      6.0,
      5.0,
      4.0,
      3.0
    ],
    [
      2.0,
      3.0,
      4.0,
      5.0,
      6.0,
      1.0,
      2.0,
      3.0,
      4.0,
      5.0,
      0.0,
      1.0,
      2.0,
      3.0,
      4.0,
      1.0,
      2.0,
      3.0,
      4.0,
      5.0,
      2.0,
      3.0,
      4.0,
      5.0,
      6.0
    ],
    [
      3.0,
      2.0,
      3.0,
      4.0,
      5.0,
      2.0,
      1.0,
      2.0,
      3.0,
      4.0,
      1.0,
      0.0,
      1.0,
      2.0,
      3.0,
      2.0,
      1.0,
      2.0,
      3.0,
      4.0,
      3.0,
      2.0,
      3.0,
      4.0,
      5.0
    ],
    [
      4.0,
      3.0,
      2.0,
      3.0,
      4.0,
      3.0,
      2.0,
      1.0,
      2.0,
      3.0,
      2.0,
      1.0,
      0.0,
      1.0,
      2.0,
      3.0,
      2.0,
      1.0,
      2.0,
      3.0,
      4.0,
      3.0,
      2.0,
      3.0,
      4.0
    ],
    [
      5.0,
      4.0,
      3.0,
      2.0,
      3.0,
      4.0,
      3.0,
      2.0,
      1.0,
      2.0,
      3.0,
      2.0,
      1.0,
      0.0,
      1.0,
      4.0,
      3.0,
      2.0,
      1.0,
      2.0,
      5.0,
      4.0,
      3.0,
      2.0,
      3.0
    ],
    [
      6.0,
      5.0,
      4.0,
      3.0,
      2.0,
      5.0,
      4.0,
      3.0,
      2.0,
      1.0,
      4.0,
      3.0,
      2.0,
      1.0,
      0.0,
      5.0,
      4.0,
      3.0,
      2.0,
      1.0,
      6.0,
      5.0,
      4.0,
      3.0,
      2.0
    ],
    [
      3.0,
      4.0,
      5.0,
      6.0,
      7.0,
      2.0,
      3.0,
      4.0,
      5.0,
      6.0,
      1.0,
      2.0,
      3.0,
      4.0,
      5.0,
      0.0,
      1.0,
      2.0,
      3.0,
      4.0,
      1.0,
      2.0,
      3.0,
      4.0,
      5.0
    ],
    [
      4.0,
      3.0,
      4.0,
      5.0,
      6.0,
      3.0,
      2.0,
      3.0,
      4.0,
      5.0,
      2.0,
      1.0,
      2.0,
      3.0,
      4.0,
      1.0,
      0.0,
      1.0,
      2.0,
      3.0,
      2.0,
      1.0,
      2.0,
      3.0,
      4.0
    ],
    [
      5.0,
      4.0,
      3.0,
      4.0,
      5.0,
      4.0,
      3.0,
      2.0,
      3.0,
      4.0,
      3.0,
      2.0,
      1.0,
      2.0,
      3.0,
      2.0,
      1.0,
      0.0,
      1.0,
      2.0,
      3.0,
      2.0,
      1.0,
      2.0,
      3.0
    ],
    [
      6.0,
      5.0,
      4.0,
      3.0,
      4.0,
      5.0,
      4.0,
      3.0,
      2.0,
      3.0,
      4.0,
      3.0,
      2.0,
      1.0,
      2.0,
      3.0,
      2.0,
      1.0,
      0.0,
      1.0,
      4.0,
      3.0,
      2.0,
      1.0,
      2.0
    ],
    [
      7.0,
      6.0,
      5.0,
      4.0,
      3.0,
      6.0,
      5.0,
      4.0,
      3.0,
      2.0,
      5.0,
      4.0,
      3.0,
      2.0,
      1.0,
      4.0,
      3.0,
      2.0,
      1.0,
      0.0,
      5.0,
      4.0,
      3.0,
      2.0,
      1.0
    ],
    [
      4.0,
      5.0,
      6.0,
      7.0,
      8.0,
      3.0,
      4.0,
      5.0,
      6.0,
      7.0,
      2.0,
      3.0,
      4.0,
      5.0,
      6.0,
      1.0,
      2.0,
      3.0,
      4.0,
      5.0,
      0.0,
      1.0,
      2.0,
      3.0,
      4.0
    ],
    [
      5.0,
      4.0,
      5.0,
      6.0,
      7.0,
      4.0,
      3.0,
      4.0,
      5.0,
      6.0,
      3.0,
      2.0,
      3.0,
      4.0,
      5.0,
      2.0,
      1.0,
      2.0,
      3.0,
      4.0,
      1.0,
      0.0,
      1.0,
      2.0,
      3.0
    ],
    [
      6.0,
      5.0,
      4.0,
      5.0,
      6.0,
      5.0,
      4.0,
      3.0,
      4.0,
      5.0,
      4.0,
      3.0,
      2.0,
      3.0,
      4.0,
      3.0,
      2.0,
      1.0,
      2.0,
      3.0,
      2.0,
      1.0,
      0.0,
      1.0,
      2.0
    ],
    [
      7.0,
      6.0,
      5.0,
      4.0,
      5.0,
      6.0,
      5.0,
      4.0,
      3.0,
      4.0,
      5.0,
      4.0,
      3.0,
      2.0,
      3.0,
      4.0,
      3.0,
      2.0,
      1.0,
      2.0,
      3.0,
      2.0,
      1.0,
      0.0,
      1.0
    ],
    [
      8.0,
      7.0,
      6.0,
      5.0,
      4.0,
      7.0,
      6.0,
      5.0,
      4.0,
      3.0,
      6.0,
      5.0,
      4.0,
      3.0,
      2.0,
      5.0,
      4.0,
      3.0,
      2.0,
      1.0,
      4.0,
      3.0,
      2.0,
      1.0,
      0.0
    ]
  ]
}