{
  "nodes": [
    {
      "index": 0,
      "id": 0,
      "x": -0.8669664859771729,
      "y": -1.6089452505111694
    },
    {
      "index": 1,
      "id": 1,
      "x": -1.6471048593521118,
      "y": -0.7920738458633423
    },
    {
      "index": 2,
      "id": 2,
      "x": -1.7981061935424805,
      "y": 0.3273426294326782
    },
    {
      "index": 3,
      "id": 3,
      "x": -1.2622904777526855,
      "y": 1.3217250108718872
    },
    {
      "index": 4,
      "id": 4,
      "x": -0.24432389438152313,
      "y": 1.8112539052963257
    },
    {
      "index": 5,
      "id": 5,
      "x": 0.8669666647911072,
      "y": 1.6089462041854858
    },
    {
      "index": 6,
      "id": 6,
      "x": 1.6471043825149536,
      "y": 0.7920739054679871
    },
    {
      "index": 7,
      "id": 7,
      "x": 1.7981053590774536,
      "y": -0.3273426592350006
    },
    {
      "index": 8,
      "id": 8,
      "x": 1.262290596961975,
      "y": -1.321725606918335
    },
    {
      "index": 9,
      "id": 9,
      "x": 0.2443237453699112,
      "y": -1.811254620552063
    }
  ],
  "edges": [
    {
      "source": 0,
      "target": 1
    },
    {
      "source": 0,
      "target": 9
    },
    {
      "source": 1,
      "target": 2
    },
    {
      "source": 2,
      "target": 3
    },
    {
      "source": 3,
      "target": 4
    },
    {
      "source": 4,
      "target": 5
    },
    {
      "source": 5,
      "target": 6
    },
    {
      "source": 6,
      "target": 7
    },
    {
      "source": 7,
      "target": 8
    },
    {
      "source": 8,
      "target": 9
    }
  ],
  "coef": {
    "stress": 0.57,
    "crossing_angle": 0,
    "neighbor": 0,
    "edge_uniformity": 0,
    "crossing_number": 0,
    "angular_resolution": 0,
    "vertex_resolution": 0,
    "gabriel": 0,
    "aspect_ratio": 0
  },
  "optimizer": {
    "lr": 0.368245067904654,
    "momentum": 0.5
  },
  "graphDistance": [
    [
      0,
      1,
      2,
      3,
      4,
      5,
      4,
      3,
      2,
      1
    ],
    [
      1,
      0,
      1,
      2,
      3,
      4,
      5,
      4,
      3,
      2
    ],
    [
      2,
      1,
      0,
      1,
      2,
      3,
      4,
      5,
      4,
      3
    ],
    [
      3,
      2,
      1,
      0,
      1,
      2,
      3,
      4,
      5,
      4
    ],
    [
      4,
      3,
      2,
      1,
      0,
      1,
      2,
      3,
      4,
      5
    ],
    [
      5,
      4,
      3,
      2,
      1,
      0,
      1,
      2,
      3,
      4
    ],
    [
      4,
      5,
      4,
      3,
      2,
      1,
      0,
      1,
      2,
      3
    ],
    [
      3,
      4,
      5,
      4,
      3,
      2,
      1,
      0,
      1,
      2
    ],
    [
      2,
      3,
      4,
      5,
      4,
      3,
      2,
      1,
      0,
      1
    ],
    [
      1,
      2,
      3,
      4,
      5,
      4,
      3,
      2,
      1,
      0
    ]
  ],
  "weight": [
    [
      1,
      1,
      0.25,
      0.1111111119389534,
      0.0625,
      0.03999999910593033,
      0.0625,
      0.1111111119389534,
      0.25,
      1
    ],
    [
      1,
      1,
      1,
      0.25,
      0.1111111119389534,
      0.0625,
      0.03999999910593033,
      0.0625,
      0.1111111119389534,
      0.25
    ],
    [
      0.25,
      1,
      1,
      1,
      0.25,
      0.1111111119389534,
      0.0625,
      0.03999999910593033,
      0.0625,
      0.1111111119389534
    ],
    [
      0.1111111119389534,
      0.25,
      1,
      1,
      1,
      0.25,
      0.1111111119389534,
      0.0625,
      0.03999999910593033,
      0.0625
    ],
    [
      0.0625,
      0.1111111119389534,
      0.25,
      1,
      1,
      1,
      0.25,
      0.1111111119389534,
      0.0625,
      0.03999999910593033
    ],
    [
      0.03999999910593033,
      0.0625,
      0.1111111119389534,
      0.25,
      1,
      1,
      1,
      0.25,
      0.1111111119389534,
      0.0625
    ],
    [
      0.0625,
      0.03999999910593033,
      0.0625,
      0.1111111119389534,
      0.25,
      1,
      1,
      1,
      0.25,
      0.1111111119389534
    ],
    [
      0.1111111119389534,
      0.0625,
      0.03999999910593033,
      0.0625,
      0.1111111119389534,
      0.25,
      1,
      1,
      1,
      0.25
    ],
    [
      0.25,
      0.1111111119389534,
      0.0625,
      0.03999999910593033,
      0.0625,
      0.1111111119389534,
      0.25,
      1,
      1,
      1
    ],
    [
      1,
      0.25,
      0.1111111119389534,
      0.0625,
      0.03999999910593033,
      0.0625,
      0.1111111119389534,
      0.25,
      1,
      1
    ]
  ]
}