{
  "nodes": [
    {
      "index": 0,
      "id": "(0, 0)",
      "x": -2.882375955581665,
      "y": -1.6018937826156616
    },
    {
      "index": 1,
      "id": "(0, 1)",
      "x": -1.7816617488861084,
      "y": -1.9507594108581543
    },
    {
      "index": 2,
      "id": "(0, 2)",
      "x": -0.652946412563324,
      "y": -2.287402391433716
    },
    {
      "index": 3,
      "id": "(0, 3)",
      "x": 0.4831320643424988,
      "y": -2.59828782081604
    },
    {
      "index": 4,
      "id": "(0, 4)",
      "x": 1.6019033193588257,
      "y": -2.8839993476867676
    },
    {
      "index": 5,
      "id": "(1, 0)",
      "x": -2.5966646671295166,
      "y": -0.4831233620643616
    },
    {
      "index": 6,
      "id": "(1, 1)",
      "x": -1.471160650253296,
      "y": -0.8182222843170166
    },
    {
      "index": 7,
      "id": "(1, 2)",
      "x": -0.3285841643810272,
      "y": -1.1529146432876587
    },
    {
      "index": 8,
      "id": "(1, 3)",
      "x": 0.8182300329208374,
      "y": -1.4727834463119507
    },
    {
      "index": 9,
      "id": "(1, 4)",
      "x": 1.9507677555084229,
      "y": -1.7832844257354736
    },
    {
      "index": 10,
      "id": "(2, 0)",
      "x": -2.2857797145843506,
      "y": 0.6529554128646851
    },
    {
      "index": 11,
      "id": "(2, 1)",
      "x": -1.151291012763977,
      "y": 0.32859277725219727
    },
    {
      "index": 12,
      "id": "(2, 2)",
      "x": 0.0008158303098753095,
      "y": -0.0008073837962001562
    },
    {
      "index": 13,
      "id": "(2, 3)",
      "x": 1.152922511100769,
      "y": -0.3302077054977417
    },
    {
      "index": 14,
      "id": "(2, 4)",
      "x": 2.2874114513397217,
      "y": -0.6545700430870056
    },
    {
      "index": 15,
      "id": "(3, 0)",
      "x": -1.9491363763809204,
      "y": 1.7816698551177979
    },
    {
      "index": 16,
      "id": "(3, 1)",
      "x": -0.8165989518165588,
      "y": 1.471169114112854
    },
    {
      "index": 17,
      "id": "(3, 2)",
      "x": 0.3302153944969177,
      "y": 1.151298999786377
    },
    {
      "index": 18,
      "id": "(3, 3)",
      "x": 1.472792387008667,
      "y": 0.8166069388389587
    },
    {
      "index": 19,
      "id": "(3, 4)",
      "x": 2.5982956886291504,
      "y": 0.48150885105133057
    },
    {
      "index": 20,
      "id": "(4, 0)",
      "x": -1.6002717018127441,
      "y": 2.8823835849761963
    },
    {
      "index": 21,
      "id": "(4, 1)",
      "x": -0.48150068521499634,
      "y": 2.5966737270355225
    },
    {
      "index": 22,
      "id": "(4, 2)",
      "x": 0.6545777916908264,
      "y": 2.285787343978882
    },
    {
      "index": 23,
      "id": "(4, 3)",
      "x": 1.7832926511764526,
      "y": 1.9491444826126099
    },
    {
      "index": 24,
      "id": "(4, 4)",
      "x": 2.884007215499878,
      "y": 1.6002799272537231
    }
  ],
  "edges": [
    {
      "source": "(0, 0)",
      "target": "(1, 0)"
    },
    {
      "source": "(0, 0)",
      "target": "(0, 1)"
    },
    {
      "source": "(0, 1)",
      "target": "(1, 1)"
    },
    {
      "source": "(0, 1)",
      "target": "(0, 2)"
    },
    {
      "source": "(0, 2)",
      "target": "(1, 2)"
    },
    {
      "source": "(0, 2)",
      "target": "(0, 3)"
    },
    {
      "source": "(0, 3)",
      "target": "(1, 3)"
    },
    {
      "source": "(0, 3)",
      "target": "(0, 4)"
    },
    {
      "source": "(0, 4)",
      "target": "(1, 4)"
    },
    {
      "source": "(1, 0)",
      "target": "(2, 0)"
    },
    {
      "source": "(1, 0)",
      "target": "(1, 1)"
    },
    {
      "source": "(1, 1)",
      "target": "(2, 1)"
    },
    {
      "source": "(1, 1)",
      "target": "(1, 2)"
    },
    {
      "source": "(1, 2)",
      "target": "(2, 2)"
    },
    {
      "source": "(1, 2)",
      "target": "(1, 3)"
    },
    {
      "source": "(1, 3)",
      "target": "(2, 3)"
    },
    {
      "source": "(1, 3)",
      "target": "(1, 4)"
    },
    {
      "source": "(1, 4)",
      "target": "(2, 4)"
    },
    {
      "source": "(2, 0)",
      "target": "(3, 0)"
    },
    {
      "source": "(2, 0)",
      "target": "(2, 1)"
    },
    {
      "source": "(2, 1)",
      "target": "(3, 1)"
    },
    {
      "source": "(2, 1)",
      "target": "(2, 2)"
    },
    {
      "source": "(2, 2)",
      "target": "(3, 2)"
    },
    {
      "source": "(2, 2)",
      "target": "(2, 3)"
    },
    {
      "source": "(2, 3)",
      "target": "(3, 3)"
    },
    {
      "source": "(2, 3)",
      "target": "(2, 4)"
    },
    {
      "source": "(2, 4)",
      "target": "(3, 4)"
    },
    {
      "source": "(3, 0)",
      "target": "(4, 0)"
    },
    {
      "source": "(3, 0)",
      "target": "(3, 1)"
    },
    {
      "source": "(3, 1)",
      "target": "(4, 1)"
    },
    {
      "source": "(3, 1)",
      "target": "(3, 2)"
    },
    {
      "source": "(3, 2)",
      "target": "(4, 2)"
    },
    {
      "source": "(3, 2)",
      "target": "(3, 3)"
    },
    {
      "source": "(3, 3)",
      "target": "(4, 3)"
    },
    {
      "source": "(3, 3)",
      "target": "(3, 4)"
    },
    {
      "source": "(3, 4)",
      "target": "(4, 4)"
    },
    {
      "source": "(4, 0)",
      "target": "(4, 1)"
    },
    {
      "source": "(4, 1)",
      "target": "(4, 2)"
    },
    {
      "source": "(4, 2)",
      "target": "(4, 3)"
    },
    {
      "source": "(4, 3)",
      "target": "(4, 4)"
    }
  ],
  "coef": {
    "stress": 1,
    "crossing_angle": 0,
    "neighbor": 0,
    "edge_uniformity": 0,
    "crossing_number": 0,
    "angular_resolution": 0,
    "vertex_resolution": 0,
    "gabriel": 0,
    "aspect_ratio": 0
  },
  "optimizer": {
    "lr": 0.3870292672675483,
    "momentum": 0.5
  },
  "graphDistance": [
    [
      0,
      1,
      2,
      3,
      4,
      1,
      2,
      3,
      4,
      5,
      2,
      3,
      4,
      5,
      6,
      3,
      4,
      5,
      6,
      7,
      4,
      5,
      6,
      7,
      8
    ],
    [
      1,
      0,
      1,
      2,
      3,
      2,
      1,
      2,
      3,
      4,
      3,
      2,
      3,
      4,
      5,
      4,
      3,
      4,
      5,
      6,
      5,
      4,
      5,
      6,
      7
    ],
    [
      2,
      1,
      0,
      1,
      2,
      3,
      2,
      1,
      2,
      3,
      4,
      3,
      2,
      3,
      4,
      5,
      4,
      3,
      4,
      5,
      6,
      5,
      4,
      5,
      6
    ],
    [
      3,
      2,
      1,
      0,
      1,
      4,
      3,
      2,
      1,
      2,
      5,
      4,
      3,
      2,
      3,
      6,
      5,
      4,
      3,
      4,
      7,
      6,
      5,
      4,
      5
    ],
    [
      4,
      3,
      2,
      1,
      0,
      5,
      4,
      3,
      2,
      1,
      6,
      5,
      4,
      3,
      2,
      7,
      6,
      5,
      4,
      3,
      8,
      7,
      6,
      5,
      4
    ],
    [
      1,
      2,
      3,
      4,
      5,
      0,
      1,
      2,
      3,
      4,
      1,
      2,
      3,
      4,
      5,
      2,
      3,
      4,
      5,
      6,
      3,
      4,
      5,
      6,
      7
    ],
    [
      2,
      1,
      2,
      3,
      4,
      1,
      0,
      1,
      2,
      3,
      2,
      1,
      2,
      3,
      4,
      3,
      2,
      3,
      4,
      5,
      4,
      3,
      4,
      5,
      6
    ],
    [
      3,
      2,
      1,
      2,
      3,
      2,
      1,
      0,
      1,
      2,
      3,
      2,
      1,
      2,
      3,
      4,
      3,
      2,
      3,
      4,
      5,
      4,
      3,
      4,
      5
    ],
    [
      4,
      3,
      2,
      1,
      2,
      3,
      2,
      1,
      0,
      1,
      4,
      3,
      2,
      1,
      2,
      5,
      4,
      3,
      2,
      3,
      6,
      5,
      4,
      3,
      4
    ],
    [
      5,
      4,
      3,
      2,
      1,
      4,
      3,
      2,
      1,
      0,
      5,
      4,
      3,
      2,
      1,
      6,
      5,
      4,
      3,
      2,
      7,
      6,
      5,
      4,
      3
    ],
    [
      2,
      3,
      4,
      5,
      6,
      1,
      2,
      3,
      4,
      5,
      0,
      1,
      2,
      3,
      4,
      1,
      2,
      3,
      4,
      5,
      2,
      3,
      4,
      5,
      6
    ],
    [
      3,
      2,
      3,
      4,
      5,
      2,
      1,
      2,
      3,
      4,
      1,
      0,
      1,
      2,
      3,
      2,
      1,
      2,
      3,
      4,
      3,
      2,
      3,
      4,
      5
    ],
    [
      4,
      3,
      2,
      3,
      4,
      3,
      2,
      1,
      2,
      3,
      2,
      1,
      0,
      1,
      2,
      3,
      2,
      1,
      2,
      3,
      4,
      3,
      2,
      3,
      4
    ],
    [
      5,
      4,
      3,
      2,
      3,
      4,
      3,
      2,
      1,
      2,
      3,
      2,
      1,
      0,
      1,
      4,
      3,
      2,
      1,
      2,
      5,
      4,
      3,
      2,
      3
    ],
    [
      6,
      5,
      4,
      3,
      2,
      5,
      4,
      3,
      2,
      1,
      4,
      3,
      2,
      1,
      0,
      5,
      4,
      3,
      2,
      1,
      6,
      5,
      4,
      3,
      2
    ],
    [
      3,
      4,
      5,
      6,
      7,
      2,
      3,
      4,
      5,
      6,
      1,
      2,
      3,
      4,
      5,
      0,
      1,
      2,
      3,
      4,
      1,
      2,
      3,
      4,
      5
    ],
    [
      4,
      3,
      4,
      5,
      6,
      3,
      2,
      3,
      4,
      5,
      2,
      1,
      2,
      3,
      4,
      1,
      0,
      1,
      2,
      3,
      2,
      1,
      2,
      3,
      4
    ],
    [
      5,
      4,
      3,
      4,
      5,
      4,
      3,
      2,
      3,
      4,
      3,
      2,
      1,
      2,
      3,
      2,
      1,
      0,
      1,
      2,
      3,
      2,
      1,
      2,
      3
    ],
    [
      6,
      5,
      4,
      3,
      4,
      5,
      4,
      3,
      2,
      3,
      4,
      3,
      2,
      1,
      2,
      3,
      2,
      1,
      0,
      1,
      4,
      3,
      2,
      1,
      2
    ],
    [
      7,
      6,
      5,
      4,
      3,
      6,
      5,
      4,
      3,
      2,
      5,
      4,
      3,
      2,
      1,
      4,
      3,
      2,
      1,
      0,
      5,
      4,
      3,
      2,
      1
    ],
    [
      4,
      5,
      6,
      7,
      8,
      3,
      4,
      5,
      6,
      7,
      2,
      3,
      4,
      5,
      6,
      1,
      2,
      3,
      4,
      5,
      0,
      1,
      2,
      3,
      4
    ],
    [
      5,
      4,
      5,
      6,
      7,
      4,
      3,
      4,
      5,
      6,
      3,
      2,
      3,
      4,
      5,
      2,
      1,
      2,
      3,
      4,
      1,
      0,
      1,
      2,
      3
    ],
    [
      6,
      5,
      4,
      5,
      6,
      5,
      4,
      3,
      4,
      5,
      4,
      3,
      2,
      3,
      4,
      3,
      2,
      1,
      2,
      3,
      2,
      1,
      0,
      1,
      2
    ],
    [
      7,
      6,
      5,
      4,
      5,
      6,
      5,
      4,
      3,
      4,
      5,
      4,
      3,
      2,
      3,
      4,
      3,
      2,
      1,
      2,
      3,
      2,
      1,
      0,
      1
    ],
    [
      8,
      7,
      6,
      5,
      4,
      7,
      6,
      5,
      4,
      3,
      6,
      5,
      4,
      3,
      2,
      5,
      4,
      3,
      2,
      1,
      4,
      3,
      2,
      1,
      0
    ]
  ],
  "weight": [
    [
      1,
      1,
      0.25,
      0.1111111119389534,
      0.0625,
      1,
      0.25,
      0.1111111119389534,
      0.0625,
      0.03999999910593033,
      0.25,
      0.1111111119389534,
      0.0625,
      0.03999999910593033,
      0.02777777798473835,
      0.1111111119389534,
      0.0625,
      0.03999999910593033,
      0.02777777798473835,
      0.020408162847161293,
      0.0625,
      0.03999999910593033,
      0.02777777798473835,
      0.020408162847161293,
      0.015625
    ],
    [
      1,
      1,
      1,
      0.25,
      0.1111111119389534,
      0.25,
      1,
      0.25,
      0.1111111119389534,
      0.0625,
      0.1111111119389534,
      0.25,
      0.1111111119389534,
      0.0625,
      0.03999999910593033,
      0.0625,
      0.1111111119389534,
      0.0625,
      0.03999999910593033,
      0.02777777798473835,
      0.03999999910593033,
      0.0625,
      0.03999999910593033,
      0.02777777798473835,
      0.020408162847161293
    ],
    [
      0.25,
      1,
      1,
      1,
      0.25,
      0.1111111119389534,
      0.25,
      1,
      0.25,
      0.1111111119389534,
      0.0625,
      0.1111111119389534,
      0.25,
      0.1111111119389534,
      0.0625,
      0.03999999910593033,
      0.0625,
      0.1111111119389534,
      0.0625,
      0.03999999910593033,
      0.02777777798473835,
      0.03999999910593033,
      0.0625,
      0.03999999910593033,
      0.02777777798473835
    ],
    [
      0.1111111119389534,
      0.25,
      1,
      1,
      1,
      0.0625,
      0.1111111119389534,
      0.25,
      1,
      0.25,
      0.03999999910593033,
      0.0625,
      0.1111111119389534,
      0.25,
      0.1111111119389534,
      0.02777777798473835,
      0.03999999910593033,
      0.0625,
      0.1111111119389534,
      0.0625,
      0.020408162847161293,
      0.02777777798473835,
      0.03999999910593033,
      0.0625,
      0.03999999910593033
    ],
    [
      0.0625,
      0.1111111119389534,
      0.25,
      1,
      1,
      0.03999999910593033,
      0.0625,
      0.1111111119389534,
      0.25,
      1,
      0.02777777798473835,
      0.03999999910593033,
      0.0625,
      0.1111111119389534,
      0.25,
      0.020408162847161293,
      0.02777777798473835,
      0.03999999910593033,
      0.0625,
      0.1111111119389534,
      0.015625,
      0.020408162847161293,
      0.02777777798473835,
      0.03999999910593033,
      0.0625
    ],
    [
      1,
      0.25,
      0.1111111119389534,
      0.0625,
      0.03999999910593033,
      1,
      1,
      0.25,
      0.1111111119389534,
      0.0625,
      1,
      0.25,
      0.1111111119389534,
      0.0625,
      0.03999999910593033,
      0.25,
      0.1111111119389534,
      0.0625,
      0.03999999910593033,
      0.02777777798473835,
      0.1111111119389534,
      0.0625,
      0.03999999910593033,
      0.02777777798473835,
      0.020408162847161293
    ],
    [
      0.25,
      1,
      0.25,
      0.1111111119389534,
      0.0625,
      1,
      1,
      1,
      0.25,
      0.1111111119389534,
      0.25,
      1,
      0.25,
      0.1111111119389534,
      0.0625,
      0.1111111119389534,
      0.25,
      0.1111111119389534,
      0.0625,
      0.03999999910593033,
      0.0625,
      0.1111111119389534,
      0.0625,
      0.03999999910593033,
      0.02777777798473835
    ],
    [
      0.1111111119389534,
      0.25,
      1,
      0.25,
      0.1111111119389534,
      0.25,
      1,
      1,
      1,
      0.25,
      0.1111111119389534,
      0.25,
      1,
      0.25,
      0.1111111119389534,
      0.0625,
      0.1111111119389534,
      0.25,
      0.1111111119389534,
      0.0625,
      0.03999999910593033,
      0.0625,
      0.1111111119389534,
      0.0625,
      0.03999999910593033
    ],
    [
      0.0625,
      0.1111111119389534,
      0.25,
      1,
      0.25,
      0.1111111119389534,
      0.25,
      1,
      1,
      1,
      0.0625,
      0.1111111119389534,
      0.25,
      1,
      0.25,
      0.03999999910593033,
      0.0625,
      0.1111111119389534,
      0.25,
      0.1111111119389534,
      0.02777777798473835,
      0.03999999910593033,
      0.0625,
      0.1111111119389534,
      0.0625
    ],
    [
      0.03999999910593033,
      0.0625,
      0.1111111119389534,
      0.25,
      1,
      0.0625,
      0.1111111119389534,
      0.25,
      1,
      1,
      0.03999999910593033,
      0.0625,
      0.1111111119389534,
      0.25,
      1,
      0.02777777798473835,
      0.03999999910593033,
      0.0625,
      0.1111111119389534,
      0.25,
      0.020408162847161293,
      0.02777777798473835,
      0.03999999910593033,
      0.0625,
      0.1111111119389534
    ],
    [
      0.25,
      0.1111111119389534,
      0.0625,
      0.03999999910593033,
      0.02777777798473835,
      1,
      0.25,
      0.1111111119389534,
      0.0625,
      0.03999999910593033,
      1,
      1,
      0.25,
      0.1111111119389534,
      0.0625,
      1,
      0.25,
      0.1111111119389534,
      0.0625,
      0.03999999910593033,
      0.25,
      0.1111111119389534,
      0.0625,
      0.03999999910593033,
      0.02777777798473835
    ],
    [
      0.1111111119389534,
      0.25,
      0.1111111119389534,
      0.0625,
      0.03999999910593033,
      0.25,
      1,
      0.25,
      0.1111111119389534,
      0.0625,
      1,
      1,
      1,
      0.25,
      0.1111111119389534,
      0.25,
      1,
      0.25,
      0.1111111119389534,
      0.0625,
      0.1111111119389534,
      0.25,
      0.1111111119389534,
      0.0625,
      0.03999999910593033
    ],
    [
      0.0625,
      0.1111111119389534,
      0.25,
      0.1111111119389534,
      0.0625,
      0.1111111119389534,
      0.25,
      1,
      0.25,
      0.1111111119389534,
      0.25,
      1,
      1,
      1,
      0.25,
      0.1111111119389534,
      0.25,
      1,
      0.25,
      0.1111111119389534,
      0.0625,
      0.1111111119389534,
      0.25,
      0.1111111119389534,
      0.0625
    ],
    [
      0.03999999910593033,
      0.0625,
      0.1111111119389534,
      0.25,
      0.1111111119389534,
      0.0625,
      0.1111111119389534,
      0.25,
      1,
      0.25,
      0.1111111119389534,
      0.25,
      1,
      1,
      1,
      0.0625,
      0.1111111119389534,
      0.25,
      1,
      0.25,
      0.03999999910593033,
      0.0625,
      0.1111111119389534,
      0.25,
      0.1111111119389534
    ],
    [
      0.02777777798473835,
      0.03999999910593033,
      0.0625,
      0.1111111119389534,
      0.25,
      0.03999999910593033,
      0.0625,
      0.1111111119389534,
      0.25,
      1,
      0.0625,
      0.1111111119389534,
      0.25,
      1,
      1,
      0.03999999910593033,
      0.0625,
      0.1111111119389534,
      0.25,
      1,
      0.02777777798473835,
      0.03999999910593033,
      0.0625,
      0.1111111119389534,
      0.25
    ],
    [
      0.1111111119389534,
      0.0625,
      0.03999999910593033,
      0.02777777798473835,
      0.020408162847161293,
      0.25,
      0.1111111119389534,
      0.0625,
      0.03999999910593033,
      0.02777777798473835,
      1,
      0.25,
      0.1111111119389534,
      0.0625,
      0.03999999910593033,
      1,
      1,
      0.25,
      0.1111111119389534,
      0.0625,
      1,
      0.25,
      0.1111111119389534,
      0.0625,
      0.03999999910593033
    ],
    [
      0.0625,
      0.1111111119389534,
      0.0625,
      0.03999999910593033,
      0.02777777798473835,
      0.1111111119389534,
      0.25,
      0.1111111119389534,
      0.0625,
      0.03999999910593033,
      0.25,
      1,
      0.25,
      0.1111111119389534,
      0.0625,
      1,
      1,
      1,
      0.25,
      0.1111111119389534,
      0.25,
      1,
      0.25,
      0.1111111119389534,
      0.0625
    ],
    [
      0.03999999910593033,
      0.0625,
      0.1111111119389534,
      0.0625,
      0.03999999910593033,
      0.0625,
      0.1111111119389534,
      0.25,
      0.1111111119389534,
      0.0625,
      0.1111111119389534,
      0.25,
      1,
      0.25,
      0.1111111119389534,
      0.25,
      1,
      1,
      1,
      0.25,
      0.1111111119389534,
      0.25,
      1,
      0.25,
      0.1111111119389534
    ],
    [
      0.02777777798473835,
      0.03999999910593033,
      0.0625,
      0.1111111119389534,
      0.0625,
      0.03999999910593033,
      0.0625,
      0.1111111119389534,
      0.25,
      0.1111111119389534,
      0.0625,
      0.1111111119389534,
      0.25,
      1,
      0.25,
      0.1111111119389534,
      0.25,
      1,
      1,
      1,
      0.0625,
      0.1111111119389534,
      0.25,
      1,
      0.25
    ],
    [
      0.020408162847161293,
      0.02777777798473835,
      0.03999999910593033,
      0.0625,
      0.1111111119389534,
      0.02777777798473835,
      0.03999999910593033,
      0.0625,
      0.1111111119389534,
      0.25,
      0.03999999910593033,
      0.0625,
      0.1111111119389534,
      0.25,
      1,
      0.0625,
      0.1111111119389534,
      0.25,
      1,
      1,
      0.03999999910593033,
      0.0625,
      0.1111111119389534,
      0.25,
      1
    ],
    [
      0.0625,
      0.03999999910593033,
      0.02777777798473835,
      0.020408162847161293,
      0.015625,
      0.1111111119389534,
      0.0625,
      0.03999999910593033,
      0.02777777798473835,
      0.020408162847161293,
      0.25,
      0.1111111119389534,
      0.0625,
      0.03999999910593033,
      0.02777777798473835,
      1,
      0.25,
      0.1111111119389534,
      0.0625,
      0.03999999910593033,
      1,
      1,
      0.25,
      0.1111111119389534,
      0.0625
    ],
    [
      0.03999999910593033,
      0.0625,
      0.03999999910593033,
      0.02777777798473835,
      0.020408162847161293,
      0.0625,
      0.1111111119389534,
      0.0625,
      0.03999999910593033,
      0.02777777798473835,
      0.1111111119389534,
      0.25,
      0.1111111119389534,
      0.0625,
      0.03999999910593033,
      0.25,
      1,
      0.25,
      0.1111111119389534,
      0.0625,
      1,
      1,
      1,
      0.25,
      0.1111111119389534
    ],
    [
      0.02777777798473835,
      0.03999999910593033,
      0.0625,
      0.03999999910593033,
      0.02777777798473835,
      0.03999999910593033,
      0.0625,
      0.1111111119389534,
      0.0625,
      0.03999999910593033,
      0.0625,
      0.1111111119389534,
      0.25,
      0.1111111119389534,
      0.0625,
      0.1111111119389534,
      0.25,
      1,
      0.25,
      0.1111111119389534,
      0.25,
      1,
      1,
      1,
      0.25
    ],
    [
      0.020408162847161293,
      0.02777777798473835,
      0.03999999910593033,
      0.0625,
      0.03999999910593033,
      0.02777777798473835,
      0.03999999910593033,
      0.0625,
      0.1111111119389534,
      0.0625,
      0.03999999910593033,
      0.0625,
      0.1111111119389534,
      0.25,
      0.1111111119389534,
      0.0625,
      0.1111111119389534,
      0.25,
      1,
      0.25,
      0.1111111119389534,
      0.25,
      1,
      1,
      1
    ],
    [
      0.015625,
      0.020408162847161293,
      0.02777777798473835,
      0.03999999910593033,
      0.0625,
      0.020408162847161293,
      0.02777777798473835,
      0.03999999910593033,
      0.0625,
      0.1111111119389534,
      0.02777777798473835,
      0.03999999910593033,
      0.0625,
      0.1111111119389534,
      0.25,
      0.03999999910593033,
      0.0625,
      0.1111111119389534,
      0.25,
      1,
      0.0625,
      0.1111111119389534,
      0.25,
      1,
      1
    ]
  ]
}