{
  "nodes": [
    {
      "index": 0,
      "id": "0",
      "x": 0.7404754161834717,
      "y": 1.6709381341934204
    },
    {
      "index": 1,
      "id": "1",
      "x": -0.383095383644104,
      "y": 1.7870570421218872
    },
    {
      "index": 2,
      "id": "2",
      "x": -1.3603366613388062,
      "y": 1.2205818891525269
    },
    {
      "index": 3,
      "id": "3",
      "x": -1.817975640296936,
      "y": 0.1878860592842102
    },
    {
      "index": 4,
      "id": "4",
      "x": -1.5812087059020996,
      "y": -0.9165754914283752
    },
    {
      "index": 5,
      "id": "5",
      "x": -0.7404748797416687,
      "y": -1.6709370613098145
    },
    {
      "index": 6,
      "id": "6",
      "x": 0.383095383644104,
      "y": -1.7870562076568604
    },
    {
      "index": 7,
      "id": "7",
      "x": 1.360336422920227,
      "y": -1.2205817699432373
    },
    {
      "index": 8,
      "id": "8",
      "x": 1.8179757595062256,
      "y": -0.1878853738307953
    },
    {
      "index": 9,
      "id": "9",
      "x": 1.5812095403671265,
      "y": 0.9165766835212708
    }
  ],
  "edges": [
    {
      "source": "0",
      "target": "1"
    },
    {
      "source": "0",
      "target": "9"
    },
    {
      "source": "1",
      "target": "2"
    },
    {
      "source": "2",
      "target": "3"
    },
    {
      "source": "3",
      "target": "4"
    },
    {
      "source": "4",
      "target": "5"
    },
    {
      "source": "5",
      "target": "6"
    },
    {
      "source": "6",
      "target": "7"
    },
    {
      "source": "7",
      "target": "8"
    },
    {
      "source": "8",
      "target": "9"
    }
  ],
  "coef": {
    "stress": 1,
    "crossing_angle": 0,
    "neighbor": 0,
    "edge_uniformity": 0,
    "crossing_number": 0,
    "angular_resolution": 0,
    "vertex_resolution": 0,
    "gabriel": 0,
    "aspect_ratio": 0
  },
  "optimizer": {
    "lr": 0.44932896411722156,
    "momentum": 0.56
  },
  "graphDistance": [
    [
      0,
      1,
      2,
      3,
      4,
      5,
      4,
      3,
      2,
      1
    ],
    [
      1,
      0,
      1,
      2,
      3,
      4,
      5,
      4,
      3,
      2
    ],
    [
      2,
      1,
      0,
      1,
      2,
      3,
      4,
      5,
      4,
      3
    ],
    [
      3,
      2,
      1,
      0,
      1,
      2,
      3,
      4,
      5,
      4
    ],
    [
      4,
      3,
      2,
      1,
      0,
      1,
      2,
      3,
      4,
      5
    ],
    [
      5,
      4,
      3,
      2,
      1,
      0,
      1,
      2,
      3,
      4
    ],
    [
      4,
      5,
      4,
      3,
      2,
      1,
      0,
      1,
      2,
      3
    ],
    [
      3,
      4,
      5,
      4,
      3,
      2,
      1,
      0,
      1,
      2
    ],
    [
      2,
      3,
      4,
      5,
      4,
      3,
      2,
      1,
      0,
      1
    ],
    [
      1,
      2,
      3,
      4,
      5,
      4,
      3,
      2,
      1,
      0
    ]
  ],
  "weight": [
    [
      1,
      1,
      0.25,
      0.1111111119389534,
      0.0625,
      0.03999999910593033,
      0.0625,
      0.1111111119389534,
      0.25,
      1
    ],
    [
      1,
      1,
      1,
      0.25,
      0.1111111119389534,
      0.0625,
      0.03999999910593033,
      0.0625,
      0.1111111119389534,
      0.25
    ],
    [
      0.25,
      1,
      1,
      1,
      0.25,
      0.1111111119389534,
      0.0625,
      0.03999999910593033,
      0.0625,
      0.1111111119389534
    ],
    [
      0.1111111119389534,
      0.25,
      1,
      1,
      1,
      0.25,
      0.1111111119389534,
      0.0625,
      0.03999999910593033,
      0.0625
    ],
    [
      0.0625,
      0.1111111119389534,
      0.25,
      1,
      1,
      1,
      0.25,
      0.1111111119389534,
      0.0625,
      0.03999999910593033
    ],
    [
      0.03999999910593033,
      0.0625,
      0.1111111119389534,
      0.25,
      1,
      1,
      1,
      0.25,
      0.1111111119389534,
      0.0625
    ],
    [
      0.0625,
      0.03999999910593033,
      0.0625,
      0.1111111119389534,
      0.25,
      1,
      1,
      1,
      0.25,
      0.1111111119389534
    ],
    [
      0.1111111119389534,
      0.0625,
      0.03999999910593033,
      0.0625,
      0.1111111119389534,
      0.25,
      1,
      1,
      1,
      0.25
    ],
    [
      0.25,
      0.1111111119389534,
      0.0625,
      0.03999999910593033,
      0.0625,
      0.1111111119389534,
      0.25,
      1,
      1,
      1
    ],
    [
      1,
      0.25,
      0.1111111119389534,
      0.0625,
      0.03999999910593033,
      0.0625,
      0.1111111119389534,
      0.25,
      1,
      1
    ]
  ]
}