{
  "nodes": [
    {
      "index": 0,
      "id": "0",
      "x": 189.54,
      "y": 244.3
    },
    {
      "index": 1,
      "id": "1",
      "x": 246.59,
      "y": 197.65
    },
    {
      "index": 2,
      "id": "2",
      "x": 265.31,
      "y": 126.4
    },
    {
      "index": 3,
      "id": "3",
      "x": 238.53,
      "y": 57.784
    },
    {
      "index": 4,
      "id": "4",
      "x": 176.48,
      "y": 18.0
    },
    {
      "index": 5,
      "id": "5",
      "x": 102.89,
      "y": 22.229
    },
    {
      "index": 6,
      "id": "6",
      "x": 45.779,
      "y": 68.862
    },
    {
      "index": 7,
      "id": "7",
      "x": 27.0,
      "y": 140.05
    },
    {
      "index": 8,
      "id": "8",
      "x": 53.872,
      "y": 208.77
    },
    {
      "index": 9,
      "id": "9",
      "x": 115.88,
      "y": 248.53
    }
  ],
  "edges": [
    {
      "source": "0",
      "target": "1"
    },
    {
      "source": "0",
      "target": "9"
    },
    {
      "source": "1",
      "target": "2"
    },
    {
      "source": "2",
      "target": "3"
    },
    {
      "source": "3",
      "target": "4"
    },
    {
      "source": "4",
      "target": "5"
    },
    {
      "source": "5",
      "target": "6"
    },
    {
      "source": "6",
      "target": "7"
    },
    {
      "source": "7",
      "target": "8"
    },
    {
      "source": "8",
      "target": "9"
    }
  ],
  "weight": [
    [
      1.0,
      1.0,
      0.25,
      0.1111111119389534,
      0.0625,
      0.03999999910593033,
      0.0625,
      0.1111111119389534,
      0.25,
      1.0
    ],
    [
      1.0,
      1.0,
      1.0,
      0.25,
      0.1111111119389534,
      0.0625,
      0.03999999910593033,
      0.0625,
      0.1111111119389534,
      0.25
    ],
    [
      0.25,
      1.0,
      1.0,
      1.0,
      0.25,
      0.1111111119389534,
      0.0625,
      0.03999999910593033,
      0.0625,
      0.1111111119389534
    ],
    [
      0.1111111119389534,
      0.25,
      1.0,
      1.0,
      1.0,
      0.25,
      0.1111111119389534,
      0.0625,
      0.03999999910593033,
      0.0625
    ],
    [
      0.0625,
      0.1111111119389534,
      0.25,
      1.0,
      1.0,
      1.0,
      0.25,
      0.1111111119389534,
      0.0625,
      0.03999999910593033
    ],
    [
      0.03999999910593033,
      0.0625,
      0.1111111119389534,
      0.25,
      1.0,
      1.0,
      1.0,
      0.25,
      0.1111111119389534,
      0.0625
    ],
    [
      0.0625,
      0.03999999910593033,
      0.0625,
      0.1111111119389534,
      0.25,
      1.0,
      1.0,
      1.0,
      0.25,
      0.1111111119389534
    ],
    [
      0.1111111119389534,
      0.0625,
      0.03999999910593033,
      0.0625,
      0.1111111119389534,
      0.25,
      1.0,
      1.0,
      1.0,
      0.25
    ],
    [
      0.25,
      0.1111111119389534,
      0.0625,
      0.03999999910593033,
      0.0625,
      0.1111111119389534,
      0.25,
      1.0,
      1.0,
      1.0
    ],
    [
      1.0,
      0.25,
      0.1111111119389534,
      0.0625,
      0.03999999910593033,
      0.0625,
      0.1111111119389534,
      0.25,
      1.0,
      1.0
    ]
  ],
  "graphDistance": [
    [
      0.0,
      1.0,
      2.0,
      3.0,
      4.0,
      5.0,
      4.0,
      3.0,
      2.0,
      1.0
    ],
    [
      1.0,
      0.0,
      1.0,
      2.0,
      3.0,
      4.0,
      5.0,
      4.0,
      3.0,
      2.0
    ],
    [
      2.0,
      1.0,
      0.0,
      1.0,
      2.0,
      3.0,
      4.0,
      5.0,
      4.0,
      3.0
    ],
    [
      3.0,
      2.0,
      1.0,
      0.0,
      1.0,
      2.0,
      3.0,
      4.0,
      5.0,
      4.0
    ],
    [
      4.0,
      3.0,
      2.0,
      1.0,
      0.0,
      1.0,
      2.0,
      3.0,
      4.0,
      5.0
    ],
    [
      5.0,
      4.0,
      3.0,
      2.0,
      1.0,
      0.0,
      1.0,
      2.0,
      3.0,
      4.0
    ],
    [
      4.0,
      5.0,
      4.0,
      3.0,
      2.0,
      1.0,
      0.0,
      1.0,
      2.0,
      3.0
    ],
    [
      3.0,
      4.0,
      5.0,
      4.0,
      3.0,
      2.0,
      1.0,
      0.0,
      1.0,
      2.0
    ],
    [
      2.0,
      3.0,
      4.0,
      5.0,
      4.0,
      3.0,
      2.0,
      1.0,
      0.0,
      1.0
    ],
    [
      1.0,
      2.0,
      3.0,
      4.0,
      5.0,
      4.0,
      3.0,
      2.0,
      1.0,
      0.0
    ]
  ]
}