{
  "nodes": [
    {
      "index": 0,
      "id": "(0, 0)",
      "x": 45.949,
      "y": -233.07
    },
    {
      "index": 1,
      "id": "(0, 1)",
      "x": 93.981,
      "y": -165.28
    },
    {
      "index": 2,
      "id": "(0, 2)",
      "x": 141.93,
      "y": -95.434
    },
    {
      "index": 3,
      "id": "(0, 3)",
      "x": 188.44,
      "y": -24.646
    },
    {
      "index": 4,
      "id": "(0, 4)",
      "x": 233.06,
      "y": 45.37
    },
    {
      "index": 5,
      "id": "(1, 0)",
      "x": -24.077,
      "y": -188.5
    },
    {
      "index": 6,
      "id": "(1, 1)",
      "x": 23.508,
      "y": -118.6
    },
    {
      "index": 7,
      "id": "(1, 2)",
      "x": 71.609,
      "y": -47.685
    },
    {
      "index": 8,
      "id": "(1, 3)",
      "x": 118.98,
      "y": 23.72
    },
    {
      "index": 9,
      "id": "(1, 4)",
      "x": 165.55,
      "y": 94.182
    },
    {
      "index": 10,
      "id": "(2, 0)",
      "x": -94.904,
      "y": -142.16
    },
    {
      "index": 11,
      "id": "(2, 1)",
      "x": -47.929,
      "y": -71.292
    },
    {
      "index": 12,
      "id": "(2, 2)",
      "x": -0.0027941,
      "y": 0.44814
    },
    {
      "index": 13,
      "id": "(2, 3)",
      "x": 48.117,
      "y": 72.041
    },
    {
      "index": 14,
      "id": "(2, 4)",
      "x": 95.606,
      "y": 142.42
    },
    {
      "index": 15,
      "id": "(3, 0)",
      "x": -164.84,
      "y": -94.482
    },
    {
      "index": 16,
      "id": "(3, 1)",
      "x": -118.95,
      "y": -23.361
    },
    {
      "index": 17,
      "id": "(3, 2)",
      "x": -71.809,
      "y": 48.265
    },
    {
      "index": 18,
      "id": "(3, 3)",
      "x": -23.553,
      "y": 119.13
    },
    {
      "index": 19,
      "id": "(3, 4)",
      "x": 24.411,
      "y": 188.76
    },
    {
      "index": 20,
      "id": "(4, 0)",
      "x": -232.79,
      "y": -46.846
    },
    {
      "index": 21,
      "id": "(4, 1)",
      "x": -188.92,
      "y": 23.946
    },
    {
      "index": 22,
      "id": "(4, 2)",
      "x": -142.62,
      "y": 95.148
    },
    {
      "index": 23,
      "id": "(4, 3)",
      "x": -94.539,
      "y": 165.12
    },
    {
      "index": 24,
      "id": "(4, 4)",
      "x": -46.207,
      "y": 232.82
    }
  ],
  "edges": [
    {
      "source": "(0, 0)",
      "target": "(1, 0)"
    },
    {
      "source": "(0, 0)",
      "target": "(0, 1)"
    },
    {
      "source": "(0, 1)",
      "target": "(0, 2)"
    },
    {
      "source": "(0, 1)",
      "target": "(1, 1)"
    },
    {
      "source": "(0, 2)",
      "target": "(0, 3)"
    },
    {
      "source": "(0, 2)",
      "target": "(1, 2)"
    },
    {
      "source": "(0, 3)",
      "target": "(1, 3)"
    },
    {
      "source": "(0, 3)",
      "target": "(0, 4)"
    },
    {
      "source": "(0, 4)",
      "target": "(1, 4)"
    },
    {
      "source": "(1, 0)",
      "target": "(2, 0)"
    },
    {
      "source": "(1, 0)",
      "target": "(1, 1)"
    },
    {
      "source": "(1, 1)",
      "target": "(1, 2)"
    },
    {
      "source": "(1, 1)",
      "target": "(2, 1)"
    },
    {
      "source": "(1, 2)",
      "target": "(1, 3)"
    },
    {
      "source": "(1, 2)",
      "target": "(2, 2)"
    },
    {
      "source": "(1, 3)",
      "target": "(1, 4)"
    },
    {
      "source": "(1, 3)",
      "target": "(2, 3)"
    },
    {
      "source": "(1, 4)",
      "target": "(2, 4)"
    },
    {
      "source": "(2, 0)",
      "target": "(3, 0)"
    },
    {
      "source": "(2, 0)",
      "target": "(2, 1)"
    },
    {
      "source": "(2, 1)",
      "target": "(3, 1)"
    },
    {
      "source": "(2, 1)",
      "target": "(2, 2)"
    },
    {
      "source": "(2, 2)",
      "target": "(3, 2)"
    },
    {
      "source": "(2, 2)",
      "target": "(2, 3)"
    },
    {
      "source": "(2, 3)",
      "target": "(2, 4)"
    },
    {
      "source": "(2, 3)",
      "target": "(3, 3)"
    },
    {
      "source": "(2, 4)",
      "target": "(3, 4)"
    },
    {
      "source": "(3, 0)",
      "target": "(4, 0)"
    },
    {
      "source": "(3, 0)",
      "target": "(3, 1)"
    },
    {
      "source": "(3, 1)",
      "target": "(4, 1)"
    },
    {
      "source": "(3, 1)",
      "target": "(3, 2)"
    },
    {
      "source": "(3, 2)",
      "target": "(3, 3)"
    },
    {
      "source": "(3, 2)",
      "target": "(4, 2)"
    },
    {
      "source": "(3, 3)",
      "target": "(4, 3)"
    },
    {
      "source": "(3, 3)",
      "target": "(3, 4)"
    },
    {
      "source": "(3, 4)",
      "target": "(4, 4)"
    },
    {
      "source": "(4, 0)",
      "target": "(4, 1)"
    },
    {
      "source": "(4, 1)",
      "target": "(4, 2)"
    },
    {
      "source": "(4, 2)",
      "target": "(4, 3)"
    },
    {
      "source": "(4, 3)",
      "target": "(4, 4)"
    }
  ],
  "weight": [
    [
      1.0,
      1.0,
      0.25,
      0.1111111119389534,
      0.0625,
      1.0,
      0.25,
      0.1111111119389534,
      0.0625,
      0.03999999910593033,
      0.25,
      0.1111111119389534,
      0.0625,
      0.03999999910593033,
      0.02777777798473835,
      0.1111111119389534,
      0.0625,
      0.03999999910593033,
      0.02777777798473835,
      0.020408162847161293,
      0.0625,
      0.03999999910593033,
      0.02777777798473835,
      0.020408162847161293,
      0.015625
    ],
    [
      1.0,
      1.0,
      1.0,
      0.25,
      0.1111111119389534,
      0.25,
      1.0,
      0.25,
      0.1111111119389534,
      0.0625,
      0.1111111119389534,
      0.25,
      0.1111111119389534,
      0.0625,
      0.03999999910593033,
      0.0625,
      0.1111111119389534,
      0.0625,
      0.03999999910593033,
      0.02777777798473835,
      0.03999999910593033,
      0.0625,
      0.03999999910593033,
      0.02777777798473835,
      0.020408162847161293
    ],
    [
      0.25,
      1.0,
      1.0,
      1.0,
      0.25,
      0.1111111119389534,
      0.25,
      1.0,
      0.25,
      0.1111111119389534,
      0.0625,
      0.1111111119389534,
      0.25,
      0.1111111119389534,
      0.0625,
      0.03999999910593033,
      0.0625,
      0.1111111119389534,
      0.0625,
      0.03999999910593033,
      0.02777777798473835,
      0.03999999910593033,
      0.0625,
      0.03999999910593033,
      0.02777777798473835
    ],
    [
      0.1111111119389534,
      0.25,
      1.0,
      1.0,
      1.0,
      0.0625,
      0.1111111119389534,
      0.25,
      1.0,
      0.25,
      0.03999999910593033,
      0.0625,
      0.1111111119389534,
      0.25,
      0.1111111119389534,
      0.02777777798473835,
      0.03999999910593033,
      0.0625,
      0.1111111119389534,
      0.0625,
      0.020408162847161293,
      0.02777777798473835,
      0.03999999910593033,
      0.0625,
      0.03999999910593033
    ],
    [
      0.0625,
      0.1111111119389534,
      0.25,
      1.0,
      1.0,
      0.03999999910593033,
      0.0625,
      0.1111111119389534,
      0.25,
      1.0,
      0.02777777798473835,
      0.03999999910593033,
      0.0625,
      0.1111111119389534,
      0.25,
      0.020408162847161293,
      0.02777777798473835,
      0.03999999910593033,
      0.0625,
      0.1111111119389534,
      0.015625,
      0.020408162847161293,
      0.02777777798473835,
      0.03999999910593033,
      0.0625
    ],
    [
      1.0,
      0.25,
      0.1111111119389534,
      0.0625,
      0.03999999910593033,
      1.0,
      1.0,
      0.25,
      0.1111111119389534,
      0.0625,
      1.0,
      0.25,
      0.1111111119389534,
      0.0625,
      0.03999999910593033,
      0.25,
      0.1111111119389534,
      0.0625,
      0.03999999910593033,
      0.02777777798473835,
      0.1111111119389534,
      0.0625,
      0.03999999910593033,
      0.02777777798473835,
      0.020408162847161293
    ],
    [
      0.25,
      1.0,
      0.25,
      0.1111111119389534,
      0.0625,
      1.0,
      1.0,
      1.0,
      0.25,
      0.1111111119389534,
      0.25,
      1.0,
      0.25,
      0.1111111119389534,
      0.0625,
      0.1111111119389534,
      0.25,
      0.1111111119389534,
      0.0625,
      0.03999999910593033,
      0.0625,
      0.1111111119389534,
      0.0625,
      0.03999999910593033,
      0.02777777798473835
    ],
    [
      0.1111111119389534,
      0.25,
      1.0,
      0.25,
      0.1111111119389534,
      0.25,
      1.0,
      1.0,
      1.0,
      0.25,
      0.1111111119389534,
      0.25,
      1.0,
      0.25,
      0.1111111119389534,
      0.0625,
      0.1111111119389534,
      0.25,
      0.1111111119389534,
      0.0625,
      0.03999999910593033,
      0.0625,
      0.1111111119389534,
      0.0625,
      0.03999999910593033
    ],
    [
      0.0625,
      0.1111111119389534,
      0.25,
      1.0,
      0.25,
      0.1111111119389534,
      0.25,
      1.0,
      1.0,
      1.0,
      0.0625,
      0.1111111119389534,
      0.25,
      1.0,
      0.25,
      0.03999999910593033,
      0.0625,
      0.1111111119389534,
      0.25,
      0.1111111119389534,
      0.02777777798473835,
      0.03999999910593033,
      0.0625,
      0.1111111119389534,
      0.0625
    ],
    [
      0.03999999910593033,
      0.0625,
      0.1111111119389534,
      0.25,
      1.0,
      0.0625,
      0.1111111119389534,
      0.25,
      1.0,
      1.0,
      0.03999999910593033,
      0.0625,
      0.1111111119389534,
      0.25,
      1.0,
      0.02777777798473835,
      0.03999999910593033,
      0.0625,
      0.1111111119389534,
      0.25,
      0.020408162847161293,
      0.02777777798473835,
      0.03999999910593033,
      0.0625,
      0.1111111119389534
    ],
    [
      0.25,
      0.1111111119389534,
      0.0625,
      0.03999999910593033,
      0.02777777798473835,
      1.0,
      0.25,
      0.1111111119389534,
      0.0625,
      0.03999999910593033,
      1.0,
      1.0,
      0.25,
      0.1111111119389534,
      0.0625,
      1.0,
      0.25,
      0.1111111119389534,
      0.0625,
      0.03999999910593033,
      0.25,
      0.1111111119389534,
      0.0625,
      0.03999999910593033,
      0.02777777798473835
    ],
    [
      0.1111111119389534,
      0.25,
      0.1111111119389534,
      0.0625,
      0.03999999910593033,
      0.25,
      1.0,
      0.25,
      0.1111111119389534,
      0.0625,
      1.0,
      1.0,
      1.0,
      0.25,
      0.1111111119389534,
      0.25,
      1.0,
      0.25,
      0.1111111119389534,
      0.0625,
      0.1111111119389534,
      0.25,
      0.1111111119389534,
      0.0625,
      0.03999999910593033
    ],
    [
      0.0625,
      0.1111111119389534,
      0.25,
      0.1111111119389534,
      0.0625,
      0.1111111119389534,
      0.25,
      1.0,
      0.25,
      0.1111111119389534,
      0.25,
      1.0,
      1.0,
      1.0,
      0.25,
      0.1111111119389534,
      0.25,
      1.0,
      0.25,
      0.1111111119389534,
      0.0625,
      0.1111111119389534,
      0.25,
      0.1111111119389534,
      0.0625
    ],
    [
      0.03999999910593033,
      0.0625,
      0.1111111119389534,
      0.25,
      0.1111111119389534,
      0.0625,
      0.1111111119389534,
      0.25,
      1.0,
      0.25,
      0.1111111119389534,
      0.25,
      1.0,
      1.0,
      1.0,
      0.0625,
      0.1111111119389534,
      0.25,
      1.0,
      0.25,
      0.03999999910593033,
      0.0625,
      0.1111111119389534,
      0.25,
      0.1111111119389534
    ],
    [
      0.02777777798473835,
      0.03999999910593033,
      0.0625,
      0.1111111119389534,
      0.25,
      0.03999999910593033,
      0.0625,
      0.1111111119389534,
      0.25,
      1.0,
      0.0625,
      0.1111111119389534,
      0.25,
      1.0,
      1.0,
      0.03999999910593033,
      0.0625,
      0.1111111119389534,
      0.25,
      1.0,
      0.02777777798473835,
      0.03999999910593033,
      0.0625,
      0.1111111119389534,
      0.25
    ],
    [
      0.1111111119389534,
      0.0625,
      0.03999999910593033,
      0.02777777798473835,
      0.020408162847161293,
      0.25,
      0.1111111119389534,
      0.0625,
      0.03999999910593033,
      0.02777777798473835,
      1.0,
      0.25,
      0.1111111119389534,
      0.0625,
      0.03999999910593033,
      1.0,
      1.0,
      0.25,
      0.1111111119389534,
      0.0625,
      1.0,
      0.25,
      0.1111111119389534,
      0.0625,
      0.03999999910593033
    ],
    [
      0.0625,
      0.1111111119389534,
      0.0625,
      0.03999999910593033,
      0.02777777798473835,
      0.1111111119389534,
      0.25,
      0.1111111119389534,
      0.0625,
      0.03999999910593033,
      0.25,
      1.0,
      0.25,
      0.1111111119389534,
      0.0625,
      1.0,
      1.0,
      1.0,
      0.25,
      0.1111111119389534,
      0.25,
      1.0,
      0.25,
      0.1111111119389534,
      0.0625
    ],
    [
      0.03999999910593033,
      0.0625,
      0.1111111119389534,
      0.0625,
      0.03999999910593033,
      0.0625,
      0.1111111119389534,
      0.25,
      0.1111111119389534,
      0.0625,
      0.1111111119389534,
      0.25,
      1.0,
      0.25,
      0.1111111119389534,
      0.25,
      1.0,
      1.0,
      1.0,
      0.25,
      0.1111111119389534,
      0.25,
      1.0,
      0.25,
      0.1111111119389534
    ],
    [
      0.02777777798473835,
      0.03999999910593033,
      0.0625,
      0.1111111119389534,
      0.0625,
      0.03999999910593033,
      0.0625,
      0.1111111119389534,
      0.25,
      0.1111111119389534,
      0.0625,
      0.1111111119389534,
      0.25,
      1.0,
      0.25,
      0.1111111119389534,
      0.25,
      1.0,
      1.0,
      1.0,
      0.0625,
      0.1111111119389534,
      0.25,
      1.0,
      0.25
    ],
    [
      0.020408162847161293,
      0.02777777798473835,
      0.03999999910593033,
      0.0625,
      0.1111111119389534,
      0.02777777798473835,
      0.03999999910593033,
      0.0625,
      0.1111111119389534,
      0.25,
      0.03999999910593033,
      0.0625,
      0.1111111119389534,
      0.25,
      1.0,
      0.0625,
      0.1111111119389534,
      0.25,
      1.0,
      1.0,
      0.03999999910593033,
      0.0625,
      0.1111111119389534,
      0.25,
      1.0
    ],
    [
      0.0625,
      0.03999999910593033,
      0.02777777798473835,
      0.020408162847161293,
      0.015625,
      0.1111111119389534,
      0.0625,
      0.03999999910593033,
      0.02777777798473835,
      0.020408162847161293,
      0.25,
      0.1111111119389534,
      0.0625,
      0.03999999910593033,
      0.02777777798473835,
      1.0,
      0.25,
      0.1111111119389534,
      0.0625,
      0.03999999910593033,
      1.0,
      1.0,
      0.25,
      0.1111111119389534,
      0.0625
    ],
    [
      0.03999999910593033,
      0.0625,
      0.03999999910593033,
      0.02777777798473835,
      0.020408162847161293,
      0.0625,
      0.1111111119389534,
      0.0625,
      0.03999999910593033,
      0.02777777798473835,
      0.1111111119389534,
      0.25,
      0.1111111119389534,
      0.0625,
      0.03999999910593033,
      0.25,
      1.0,
      0.25,
      0.1111111119389534,
      0.0625,
      1.0,
      1.0,
      1.0,
      0.25,
      0.1111111119389534
    ],
    [
      0.02777777798473835,
      0.03999999910593033,
      0.0625,
      0.03999999910593033,
      0.02777777798473835,
      0.03999999910593033,
      0.0625,
      0.1111111119389534,
      0.0625,
      0.03999999910593033,
      0.0625,
      0.1111111119389534,
      0.25,
      0.1111111119389534,
      0.0625,
      0.1111111119389534,
      0.25,
      1.0,
      0.25,
      0.1111111119389534,
      0.25,
      1.0,
      1.0,
      1.0,
      0.25
    ],
    [
      0.020408162847161293,
      0.02777777798473835,
      0.03999999910593033,
      0.0625,
      0.03999999910593033,
      0.02777777798473835,
      0.03999999910593033,
      0.0625,
      0.1111111119389534,
      0.0625,
      0.03999999910593033,
      0.0625,
      0.1111111119389534,
      0.25,
      0.1111111119389534,
      0.0625,
      0.1111111119389534,
      0.25,
      1.0,
      0.25,
      0.1111111119389534,
      0.25,
      1.0,
      1.0,
      1.0
    ],
    [
      0.015625,
      0.020408162847161293,
      0.02777777798473835,
      0.03999999910593033,
      0.0625,
      0.020408162847161293,
      0.02777777798473835,
      0.03999999910593033,
      0.0625,
      0.1111111119389534,
      0.02777777798473835,
      0.03999999910593033,
      0.0625,
      0.1111111119389534,
      0.25,
      0.03999999910593033,
      0.0625,
      0.1111111119389534,
      0.25,
      1.0,
      0.0625,
      0.1111111119389534,
      0.25,
      1.0,
      1.0
    ]
  ],
  "graphDistance": [
    [
      0.0,
      1.0,
      2.0,
      3.0,
      4.0,
      1.0,
      2.0,
      3.0,
      4.0,
      5.0,
      2.0,
      3.0,
      4.0,
      5.0,
      6.0,
      3.0,
      4.0,
      5.0,
      6.0,
      7.0,
      4.0,
      5.0,
      6.0,
      7.0,
      8.0
    ],
    [
      1.0,
      0.0,
      1.0,
      2.0,
      3.0,
      2.0,
      1.0,
      2.0,
      3.0,
      4.0,
      3.0,
      2.0,
      3.0,
      4.0,
      5.0,
      4.0,
      3.0,
      4.0,
      5.0,
      6.0,
      5.0,
      4.0,
      5.0,
      6.0,
      7.0
    ],
    [
      2.0,
      1.0,
      0.0,
      1.0,
      2.0,
      3.0,
      2.0,
      1.0,
      2.0,
      3.0,
      4.0,
      3.0,
      2.0,
      3.0,
      4.0,
      5.0,
      4.0,
      3.0,
      4.0,
      5.0,
      6.0,
      5.0,
      4.0,
      5.0,
      6.0
    ],
    [
      3.0,
      2.0,
      1.0,
      0.0,
      1.0,
      4.0,
      3.0,
      2.0,
      1.0,
      2.0,
      5.0,
      4.0,
      3.0,
      2.0,
      3.0,
      6.0,
      5.0,
      4.0,
      3.0,
      4.0,
      7.0,
      6.0,
      5.0,
      4.0,
      5.0
    ],
    [
      4.0,
      3.0,
      2.0,
      1.0,
      0.0,
      5.0,
      4.0,
      3.0,
      2.0,
      1.0,
      6.0,
      5.0,
      4.0,
      3.0,
      2.0,
      7.0,
      6.0,
      5.0,
      4.0,
      3.0,
      8.0,
      7.0,
      6.0,
      5.0,
      4.0
    ],
    [
      1.0,
      2.0,
      3.0,
      4.0,
      5.0,
      0.0,
      1.0,
      2.0,
      3.0,
      4.0,
      1.0,
      2.0,
      3.0,
      4.0,
      5.0,
      2.0,
      3.0,
      4.0,
      5.0,
      6.0,
      3.0,
      4.0,
      5.0,
      6.0,
      7.0
    ],
    [
      2.0,
      1.0,
      2.0,
      3.0,
      4.0,
      1.0,
      0.0,
      1.0,
      2.0,
      3.0,
      2.0,
      1.0,
      2.0,
      3.0,
      4.0,
      3.0,
      2.0,
      3.0,
      4.0,
      5.0,
      4.0,
      3.0,
      4.0,
      5.0,
      6.0
    ],
    [
      3.0,
      2.0,
      1.0,
      2.0,
      3.0,
      2.0,
      1.0,
      0.0,
      1.0,
      2.0,
      3.0,
      2.0,
      1.0,
      2.0,
      3.0,
      4.0,
      3.0,
      2.0,
      3.0,
      4.0,
      5.0,
      4.0,
      3.0,
      4.0,
      5.0
    ],
    [
      4.0,
      3.0,
      2.0,
      1.0,
      2.0,
      3.0,
      2.0,
      1.0,
      0.0,
      1.0,
      4.0,
      3.0,
      2.0,
      1.0,
      2.0,
      5.0,
      4.0,
      3.0,
      2.0,
      3.0,
      6.0,
      5.0,
      4.0,
      3.0,
      4.0
    ],
    [
      5.0,
      4.0,
      3.0,
      2.0,
      1.0,
      4.0,
      3.0,
      2.0,
      1.0,
      0.0,
      5.0,
      4.0,
      3.0,
      2.0,
      1.0,
      6.0,
      5.0,
      4.0,
      3.0,
      2.0,
      7.0,
      6.0,
      5.0,
      4.0,
      3.0
    ],
    [
      2.0,
      3.0,
      4.0,
      5.0,
      6.0,
      1.0,
      2.0,
      3.0,
      4.0,
      5.0,
      0.0,
      1.0,
      2.0,
      3.0,
      4.0,
      1.0,
      2.0,
      3.0,
      4.0,
      5.0,
      2.0,
      3.0,
      4.0,
      5.0,
      6.0
    ],
    [
      3.0,
      2.0,
      3.0,
      4.0,
      5.0,
      2.0,
      1.0,
      2.0,
      3.0,
      4.0,
      1.0,
      0.0,
      1.0,
      2.0,
      3.0,
      2.0,
      1.0,
      2.0,
      3.0,
      4.0,
      3.0,
      2.0,
      3.0,
      4.0,
      5.0
    ],
    [
      4.0,
      3.0,
      2.0,
      3.0,
      4.0,
      3.0,
      2.0,
      1.0,
      2.0,
      3.0,
      2.0,
      1.0,
      0.0,
      1.0,
      2.0,
      3.0,
      2.0,
      1.0,
      2.0,
      3.0,
      4.0,
      3.0,
      2.0,
      3.0,
      4.0
    ],
    [
      5.0,
      4.0,
      3.0,
      2.0,
      3.0,
      4.0,
      3.0,
      2.0,
      1.0,
      2.0,
      3.0,
      2.0,
      1.0,
      0.0,
      1.0,
      4.0,
      3.0,
      2.0,
      1.0,
      2.0,
      5.0,
      4.0,
      3.0,
      2.0,
      3.0
    ],
    [
      6.0,
      5.0,
      4.0,
      3.0,
      2.0,
      5.0,
      4.0,
      3.0,
      2.0,
      1.0,
      4.0,
      3.0,
      2.0,
      1.0,
      0.0,
      5.0,
      4.0,
      3.0,
      2.0,
      1.0,
      6.0,
      5.0,
      4.0,
      3.0,
      2.0
    ],
    [
      3.0,
      4.0,
      5.0,
      6.0,
      7.0,
      2.0,
      3.0,
      4.0,
      5.0,
      6.0,
      1.0,
      2.0,
      3.0,
      4.0,
      5.0,
      0.0,
      1.0,
      2.0,
      3.0,
      4.0,
      1.0,
      2.0,
      3.0,
      4.0,
      5.0
    ],
    [
      4.0,
      3.0,
      4.0,
      5.0,
      6.0,
      3.0,
      2.0,
      3.0,
      4.0,
      5.0,
      2.0,
      1.0,
      2.0,
      3.0,
      4.0,
      1.0,
      0.0,
      1.0,
      2.0,
      3.0,
      2.0,
      1.0,
      2.0,
      3.0,
      4.0
    ],
    [
      5.0,
      4.0,
      3.0,
      4.0,
      5.0,
      4.0,
      3.0,
      2.0,
      3.0,
      4.0,
      3.0,
      2.0,
      1.0,
      2.0,
      3.0,
      2.0,
      1.0,
      0.0,
      1.0,
      2.0,
      3.0,
      2.0,
      1.0,
      2.0,
      3.0
    ],
    [
      6.0,
      5.0,
      4.0,
      3.0,
      4.0,
      5.0,
      4.0,
      3.0,
      2.0,
      3.0,
      4.0,
      3.0,
      2.0,
      1.0,
      2.0,
      3.0,
      2.0,
      1.0,
      0.0,
      1.0,
      4.0,
      3.0,
      2.0,
      1.0,
      2.0
    ],
    [
      7.0,
      6.0,
      5.0,
      4.0,
      3.0,
      6.0,
      5.0,
      4.0,
      3.0,
      2.0,
      5.0,
      4.0,
      3.0,
      2.0,
      1.0,
      4.0,
      3.0,
      2.0,
      1.0,
      0.0,
      5.0,
      4.0,
      3.0,
      2.0,
      1.0
    ],
    [
      4.0,
      5.0,
      6.0,
      7.0,
      8.0,
      3.0,
      4.0,
      5.0,
      6.0,
      7.0,
      2.0,
      3.0,
      4.0,
      5.0,
      6.0,
      1.0,
      2.0,
      3.0,
      4.0,
      5.0,
      0.0,
      1.0,
      2.0,
      3.0,
      4.0
    ],
    [
      5.0,
      4.0,
      5.0,
      6.0,
      7.0,
      4.0,
      3.0,
      4.0,
      5.0,
      6.0,
      3.0,
      2.0,
      3.0,
      4.0,
      5.0,
      2.0,
      1.0,
      2.0,
      3.0,
      4.0,
      1.0,
      0.0,
      1.0,
      2.0,
      3.0
    ],
    [
      6.0,
      5.0,
      4.0,
      5.0,
      6.0,
      5.0,
      4.0,
      3.0,
      4.0,
      5.0,
      4.0,
      3.0,
      2.0,
      3.0,
      4.0,
      3.0,
      2.0,
      1.0,
      2.0,
      3.0,
      2.0,
      1.0,
      0.0,
      1.0,
      2.0
    ],
    [
      7.0,
      6.0,
      5.0,
      4.0,
      5.0,
      6.0,
      5.0,
      4.0,
      3.0,
      4.0,
      5.0,
      4.0,
      3.0,
      2.0,
      3.0,
      4.0,
      3.0,
      2.0,
      1.0,
      2.0,
      3.0,
      2.0,
      1.0,
      0.0,
      1.0
    ],
    [
      8.0,
      7.0,
      6.0,
      5.0,
      4.0,
      7.0,
      6.0,
      5.0,
      4.0,
      3.0,
      6.0,
      5.0,
      4.0,
      3.0,
      2.0,
      5.0,
      4.0,
      3.0,
      2.0,
      1.0,
      4.0,
      3.0,
      2.0,
      1.0,
      0.0
    ]
  ]
}