{
  "nodes": [
    {
      "index": 0,
      "id": "0",
      "x": 121.45,
      "y": 50.36
    },
    {
      "index": 1,
      "id": "1",
      "x": 68.681,
      "y": 112.25
    },
    {
      "index": 2,
      "id": "2",
      "x": -10.396,
      "y": 131.26
    },
    {
      "index": 3,
      "id": "3",
      "x": -85.528,
      "y": 100.13
    },
    {
      "index": 4,
      "id": "4",
      "x": -127.93,
      "y": 30.727
    },
    {
      "index": 5,
      "id": "5",
      "x": -121.48,
      "y": -50.345
    },
    {
      "index": 6,
      "id": "6",
      "x": -68.656,
      "y": -112.18
    },
    {
      "index": 7,
      "id": "7",
      "x": 10.428,
      "y": -131.12
    },
    {
      "index": 8,
      "id": "8",
      "x": 85.729,
      "y": -100.37
    },
    {
      "index": 9,
      "id": "9",
      "x": 127.71,
      "y": -30.712
    }
  ],
  "edges": [
    {
      "source": "0",
      "target": "1"
    },
    {
      "source": "0",
      "target": "9"
    },
    {
      "source": "1",
      "target": "2"
    },
    {
      "source": "2",
      "target": "3"
    },
    {
      "source": "3",
      "target": "4"
    },
    {
      "source": "4",
      "target": "5"
    },
    {
      "source": "5",
      "target": "6"
    },
    {
      "source": "6",
      "target": "7"
    },
    {
      "source": "7",
      "target": "8"
    },
    {
      "source": "8",
      "target": "9"
    }
  ],
  "weight": [
    [
      1.0,
      1.0,
      0.25,
      0.1111111119389534,
      0.0625,
      0.03999999910593033,
      0.0625,
      0.1111111119389534,
      0.25,
      1.0
    ],
    [
      1.0,
      1.0,
      1.0,
      0.25,
      0.1111111119389534,
      0.0625,
      0.03999999910593033,
      0.0625,
      0.1111111119389534,
      0.25
    ],
    [
      0.25,
      1.0,
      1.0,
      1.0,
      0.25,
      0.1111111119389534,
      0.0625,
      0.03999999910593033,
      0.0625,
      0.1111111119389534
    ],
    [
      0.1111111119389534,
      0.25,
      1.0,
      1.0,
      1.0,
      0.25,
      0.1111111119389534,
      0.0625,
      0.03999999910593033,
      0.0625
    ],
    [
      0.0625,
      0.1111111119389534,
      0.25,
      1.0,
      1.0,
      1.0,
      0.25,
      0.1111111119389534,
      0.0625,
      0.03999999910593033
    ],
    [
      0.03999999910593033,
      0.0625,
      0.1111111119389534,
      0.25,
      1.0,
      1.0,
      1.0,
      0.25,
      0.1111111119389534,
      0.0625
    ],
    [
      0.0625,
      0.03999999910593033,
      0.0625,
      0.1111111119389534,
      0.25,
      1.0,
      1.0,
      1.0,
      0.25,
      0.1111111119389534
    ],
    [
      0.1111111119389534,
      0.0625,
      0.03999999910593033,
      0.0625,
      0.1111111119389534,
      0.25,
      1.0,
      1.0,
      1.0,
      0.25
    ],
    [
      0.25,
      0.1111111119389534,
      0.0625,
      0.03999999910593033,
      0.0625,
      0.1111111119389534,
      0.25,
      1.0,
      1.0,
      1.0
    ],
    [
      1.0,
      0.25,
      0.1111111119389534,
      0.0625,
      0.03999999910593033,
      0.0625,
      0.1111111119389534,
      0.25,
      1.0,
      1.0
    ]
  ],
  "graphDistance": [
    [
      0.0,
      1.0,
      2.0,
      3.0,
      4.0,
      5.0,
      4.0,
      3.0,
      2.0,
      1.0
    ],
    [
      1.0,
      0.0,
      1.0,
      2.0,
      3.0,
      4.0,
      5.0,
      4.0,
      3.0,
      2.0
    ],
    [
      2.0,
      1.0,
      0.0,
      1.0,
      2.0,
      3.0,
      4.0,
      5.0,
      4.0,
      3.0
    ],
    [
      3.0,
      2.0,
      1.0,
      0.0,
      1.0,
      2.0,
      3.0,
      4.0,
      5.0,
      4.0
    ],
    [
      4.0,
      3.0,
      2.0,
      1.0,
      0.0,
      1.0,
      2.0,
      3.0,
      4.0,
      5.0
    ],
    [
      5.0,
      4.0,
      3.0,
      2.0,
      1.0,
      0.0,
      1.0,
      2.0,
      3.0,
      4.0
    ],
    [
      4.0,
      5.0,
      4.0,
      3.0,
      2.0,
      1.0,
      0.0,
      1.0,
      2.0,
      3.0
    ],
    [
      3.0,
      4.0,
      5.0,
      4.0,
      3.0,
      2.0,
      1.0,
      0.0,
      1.0,
      2.0
    ],
    [
      2.0,
      3.0,
      4.0,
      5.0,
      4.0,
      3.0,
      2.0,
      1.0,
      0.0,
      1.0
    ],
    [
      1.0,
      2.0,
      3.0,
      4.0,
      5.0,
      4.0,
      3.0,
      2.0,
      1.0,
      0.0
    ]
  ]
}