{
  "nodes": [
    {
      "index": 0,
      "id": "0",
      "x": 1.6884315013885498,
      "y": 0.699946939945221
    },
    {
      "index": 1,
      "id": "1",
      "x": 0.9544999003410339,
      "y": 1.558557391166687
    },
    {
      "index": 2,
      "id": "2",
      "x": -0.14383134245872498,
      "y": 1.8217285871505737
    },
    {
      "index": 3,
      "id": "3",
      "x": -1.1872471570968628,
      "y": 1.3893269300460815
    },
    {
      "index": 4,
      "id": "4",
      "x": -1.7773218154907227,
      "y": 0.42616358399391174
    },
    {
      "index": 5,
      "id": "5",
      "x": -1.6884318590164185,
      "y": -0.6999473571777344
    },
    {
      "index": 6,
      "id": "6",
      "x": -0.9545004367828369,
      "y": -1.5585583448410034
    },
    {
      "index": 7,
      "id": "7",
      "x": 0.14383165538311005,
      "y": -1.8217288255691528
    },
    {
      "index": 8,
      "id": "8",
      "x": 1.1872479915618896,
      "y": -1.3893276453018188
    },
    {
      "index": 9,
      "id": "9",
      "x": 1.77732253074646,
      "y": -0.4261641800403595
    }
  ],
  "edges": [
    {
      "source": "0",
      "target": "1"
    },
    {
      "source": "0",
      "target": "9"
    },
    {
      "source": "1",
      "target": "2"
    },
    {
      "source": "2",
      "target": "3"
    },
    {
      "source": "3",
      "target": "4"
    },
    {
      "source": "4",
      "target": "5"
    },
    {
      "source": "5",
      "target": "6"
    },
    {
      "source": "6",
      "target": "7"
    },
    {
      "source": "7",
      "target": "8"
    },
    {
      "source": "8",
      "target": "9"
    }
  ],
  "coef": {
    "stress": 0.3,
    "crossing_angle": 0,
    "neighbor": 0,
    "edge_uniformity": 0.46,
    "crossing_number": 0,
    "angular_resolution": 0.36,
    "vertex_resolution": 0.08,
    "gabriel": 0,
    "aspect_ratio": 0.1
  },
  "optimizer": {
    "lr": 0.44932896411722156,
    "momentum": 0.5
  },
  "graphDistance": [
    [
      0,
      1,
      2,
      3,
      4,
      5,
      4,
      3,
      2,
      1
    ],
    [
      1,
      0,
      1,
      2,
      3,
      4,
      5,
      4,
      3,
      2
    ],
    [
      2,
      1,
      0,
      1,
      2,
      3,
      4,
      5,
      4,
      3
    ],
    [
      3,
      2,
      1,
      0,
      1,
      2,
      3,
      4,
      5,
      4
    ],
    [
      4,
      3,
      2,
      1,
      0,
      1,
      2,
      3,
      4,
      5
    ],
    [
      5,
      4,
      3,
      2,
      1,
      0,
      1,
      2,
      3,
      4
    ],
    [
      4,
      5,
      4,
      3,
      2,
      1,
      0,
      1,
      2,
      3
    ],
    [
      3,
      4,
      5,
      4,
      3,
      2,
      1,
      0,
      1,
      2
    ],
    [
      2,
      3,
      4,
      5,
      4,
      3,
      2,
      1,
      0,
      1
    ],
    [
      1,
      2,
      3,
      4,
      5,
      4,
      3,
      2,
      1,
      0
    ]
  ],
  "weight": [
    [
      1,
      1,
      0.25,
      0.1111111119389534,
      0.0625,
      0.03999999910593033,
      0.0625,
      0.1111111119389534,
      0.25,
      1
    ],
    [
      1,
      1,
      1,
      0.25,
      0.1111111119389534,
      0.0625,
      0.03999999910593033,
      0.0625,
      0.1111111119389534,
      0.25
    ],
    [
      0.25,
      1,
      1,
      1,
      0.25,
      0.1111111119389534,
      0.0625,
      0.03999999910593033,
      0.0625,
      0.1111111119389534
    ],
    [
      0.1111111119389534,
      0.25,
      1,
      1,
      1,
      0.25,
      0.1111111119389534,
      0.0625,
      0.03999999910593033,
      0.0625
    ],
    [
      0.0625,
      0.1111111119389534,
      0.25,
      1,
      1,
      1,
      0.25,
      0.1111111119389534,
      0.0625,
      0.03999999910593033
    ],
    [
      0.03999999910593033,
      0.0625,
      0.1111111119389534,
      0.25,
      1,
      1,
      1,
      0.25,
      0.1111111119389534,
      0.0625
    ],
    [
      0.0625,
      0.03999999910593033,
      0.0625,
      0.1111111119389534,
      0.25,
      1,
      1,
      1,
      0.25,
      0.1111111119389534
    ],
    [
      0.1111111119389534,
      0.0625,
      0.03999999910593033,
      0.0625,
      0.1111111119389534,
      0.25,
      1,
      1,
      1,
      0.25
    ],
    [
      0.25,
      0.1111111119389534,
      0.0625,
      0.03999999910593033,
      0.0625,
      0.1111111119389534,
      0.25,
      1,
      1,
      1
    ],
    [
      1,
      0.25,
      0.1111111119389534,
      0.0625,
      0.03999999910593033,
      0.0625,
      0.1111111119389534,
      0.25,
      1,
      1
    ]
  ]
}