{
  "nodes": [
    {
      "index": 0,
      "id": "(0, 0)"
    },
    {
      "index": 1,
      "id": "(0, 1)"
    },
    {
      "index": 2,
      "id": "(0, 2)"
    },
    {
      "index": 3,
      "id": "(0, 3)"
    },
    {
      "index": 4,
      "id": "(0, 4)"
    },
    {
      "index": 5,
      "id": "(0, 5)"
    },
    {
      "index": 6,
      "id": "(0, 6)"
    },
    {
      "index": 7,
      "id": "(0, 7)"
    },
    {
      "index": 8,
      "id": "(0, 8)"
    },
    {
      "index": 9,
      "id": "(0, 9)"
    },
    {
      "index": 10,
      "id": "(1, 0)"
    },
    {
      "index": 11,
      "id": "(1, 1)"
    },
    {
      "index": 12,
      "id": "(1, 2)"
    },
    {
      "index": 13,
      "id": "(1, 3)"
    },
    {
      "index": 14,
      "id": "(1, 4)"
    },
    {
      "index": 15,
      "id": "(1, 5)"
    },
    {
      "index": 16,
      "id": "(1, 6)"
    },
    {
      "index": 17,
      "id": "(1, 7)"
    },
    {
      "index": 18,
      "id": "(1, 8)"
    },
    {
      "index": 19,
      "id": "(1, 9)"
    },
    {
      "index": 20,
      "id": "(2, 0)"
    },
    {
      "index": 21,
      "id": "(2, 1)"
    },
    {
      "index": 22,
      "id": "(2, 2)"
    },
    {
      "index": 23,
      "id": "(2, 3)"
    },
    {
      "index": 24,
      "id": "(2, 4)"
    },
    {
      "index": 25,
      "id": "(2, 5)"
    },
    {
      "index": 26,
      "id": "(2, 6)"
    },
    {
      "index": 27,
      "id": "(2, 7)"
    },
    {
      "index": 28,
      "id": "(2, 8)"
    },
    {
      "index": 29,
      "id": "(2, 9)"
    },
    {
      "index": 30,
      "id": "(3, 0)"
    },
    {
      "index": 31,
      "id": "(3, 1)"
    },
    {
      "index": 32,
      "id": "(3, 2)"
    },
    {
      "index": 33,
      "id": "(3, 3)"
    },
    {
      "index": 34,
      "id": "(3, 4)"
    },
    {
      "index": 35,
      "id": "(3, 5)"
    },
    {
      "index": 36,
      "id": "(3, 6)"
    },
    {
      "index": 37,
      "id": "(3, 7)"
    },
    {
      "index": 38,
      "id": "(3, 8)"
    },
    {
      "index": 39,
      "id": "(3, 9)"
    },
    {
      "index": 40,
      "id": "(4, 0)"
    },
    {
      "index": 41,
      "id": "(4, 1)"
    },
    {
      "index": 42,
      "id": "(4, 2)"
    },
    {
      "index": 43,
      "id": "(4, 3)"
    },
    {
      "index": 44,
      "id": "(4, 4)"
    },
    {
      "index": 45,
      "id": "(4, 5)"
    },
    {
      "index": 46,
      "id": "(4, 6)"
    },
    {
      "index": 47,
      "id": "(4, 7)"
    },
    {
      "index": 48,
      "id": "(4, 8)"
    },
    {
      "index": 49,
      "id": "(4, 9)"
    }
  ],
  "edges": [
    {
      "source": "(0, 0)",
      "target": "(1, 0)"
    },
    {
      "source": "(0, 0)",
      "target": "(0, 1)"
    },
    {
      "source": "(0, 1)",
      "target": "(1, 1)"
    },
    {
      "source": "(0, 1)",
      "target": "(0, 2)"
    },
    {
      "source": "(0, 2)",
      "target": "(1, 2)"
    },
    {
      "source": "(0, 2)",
      "target": "(0, 3)"
    },
    {
      "source": "(0, 3)",
      "target": "(1, 3)"
    },
    {
      "source": "(0, 3)",
      "target": "(0, 4)"
    },
    {
      "source": "(0, 4)",
      "target": "(1, 4)"
    },
    {
      "source": "(0, 4)",
      "target": "(0, 5)"
    },
    {
      "source": "(0, 5)",
      "target": "(1, 5)"
    },
    {
      "source": "(0, 5)",
      "target": "(0, 6)"
    },
    {
      "source": "(0, 6)",
      "target": "(1, 6)"
    },
    {
      "source": "(0, 6)",
      "target": "(0, 7)"
    },
    {
      "source": "(0, 7)",
      "target": "(1, 7)"
    },
    {
      "source": "(0, 7)",
      "target": "(0, 8)"
    },
    {
      "source": "(0, 8)",
      "target": "(1, 8)"
    },
    {
      "source": "(0, 8)",
      "target": "(0, 9)"
    },
    {
      "source": "(0, 9)",
      "target": "(1, 9)"
    },
    {
      "source": "(1, 0)",
      "target": "(2, 0)"
    },
    {
      "source": "(1, 0)",
      "target": "(1, 1)"
    },
    {
      "source": "(1, 1)",
      "target": "(2, 1)"
    },
    {
      "source": "(1, 1)",
      "target": "(1, 2)"
    },
    {
      "source": "(1, 2)",
      "target": "(2, 2)"
    },
    {
      "source": "(1, 2)",
      "target": "(1, 3)"
    },
    {
      "source": "(1, 3)",
      "target": "(2, 3)"
    },
    {
      "source": "(1, 3)",
      "target": "(1, 4)"
    },
    {
      "source": "(1, 4)",
      "target": "(2, 4)"
    },
    {
      "source": "(1, 4)",
      "target": "(1, 5)"
    },
    {
      "source": "(1, 5)",
      "target": "(2, 5)"
    },
    {
      "source": "(1, 5)",
      "target": "(1, 6)"
    },
    {
      "source": "(1, 6)",
      "target": "(2, 6)"
    },
    {
      "source": "(1, 6)",
      "target": "(1, 7)"
    },
    {
      "source": "(1, 7)",
      "target": "(2, 7)"
    },
    {
      "source": "(1, 7)",
      "target": "(1, 8)"
    },
    {
      "source": "(1, 8)",
      "target": "(2, 8)"
    },
    {
      "source": "(1, 8)",
      "target": "(1, 9)"
    },
    {
      "source": "(1, 9)",
      "target": "(2, 9)"
    },
    {
      "source": "(2, 0)",
      "target": "(3, 0)"
    },
    {
      "source": "(2, 0)",
      "target": "(2, 1)"
    },
    {
      "source": "(2, 1)",
      "target": "(3, 1)"
    },
    {
      "source": "(2, 1)",
      "target": "(2, 2)"
    },
    {
      "source": "(2, 2)",
      "target": "(3, 2)"
    },
    {
      "source": "(2, 2)",
      "target": "(2, 3)"
    },
    {
      "source": "(2, 3)",
      "target": "(3, 3)"
    },
    {
      "source": "(2, 3)",
      "target": "(2, 4)"
    },
    {
      "source": "(2, 4)",
      "target": "(3, 4)"
    },
    {
      "source": "(2, 4)",
      "target": "(2, 5)"
    },
    {
      "source": "(2, 5)",
      "target": "(3, 5)"
    },
    {
      "source": "(2, 5)",
      "target": "(2, 6)"
    },
    {
      "source": "(2, 6)",
      "target": "(3, 6)"
    },
    {
      "source": "(2, 6)",
      "target": "(2, 7)"
    },
    {
      "source": "(2, 7)",
      "target": "(3, 7)"
    },
    {
      "source": "(2, 7)",
      "target": "(2, 8)"
    },
    {
      "source": "(2, 8)",
      "target": "(3, 8)"
    },
    {
      "source": "(2, 8)",
      "target": "(2, 9)"
    },
    {
      "source": "(2, 9)",
      "target": "(3, 9)"
    },
    {
      "source": "(3, 0)",
      "target": "(4, 0)"
    },
    {
      "source": "(3, 0)",
      "target": "(3, 1)"
    },
    {
      "source": "(3, 1)",
      "target": "(4, 1)"
    },
    {
      "source": "(3, 1)",
      "target": "(3, 2)"
    },
    {
      "source": "(3, 2)",
      "target": "(4, 2)"
    },
    {
      "source": "(3, 2)",
      "target": "(3, 3)"
    },
    {
      "source": "(3, 3)",
      "target": "(4, 3)"
    },
    {
      "source": "(3, 3)",
      "target": "(3, 4)"
    },
    {
      "source": "(3, 4)",
      "target": "(4, 4)"
    },
    {
      "source": "(3, 4)",
      "target": "(3, 5)"
    },
    {
      "source": "(3, 5)",
      "target": "(4, 5)"
    },
    {
      "source": "(3, 5)",
      "target": "(3, 6)"
    },
    {
      "source": "(3, 6)",
      "target": "(4, 6)"
    },
    {
      "source": "(3, 6)",
      "target": "(3, 7)"
    },
    {
      "source": "(3, 7)",
      "target": "(4, 7)"
    },
    {
      "source": "(3, 7)",
      "target": "(3, 8)"
    },
    {
      "source": "(3, 8)",
      "target": "(4, 8)"
    },
    {
      "source": "(3, 8)",
      "target": "(3, 9)"
    },
    {
      "source": "(3, 9)",
      "target": "(4, 9)"
    },
    {
      "source": "(4, 0)",
      "target": "(4, 1)"
    },
    {
      "source": "(4, 1)",
      "target": "(4, 2)"
    },
    {
      "source": "(4, 2)",
      "target": "(4, 3)"
    },
    {
      "source": "(4, 3)",
      "target": "(4, 4)"
    },
    {
      "source": "(4, 4)",
      "target": "(4, 5)"
    },
    {
      "source": "(4, 5)",
      "target": "(4, 6)"
    },
    {
      "source": "(4, 6)",
      "target": "(4, 7)"
    },
    {
      "source": "(4, 7)",
      "target": "(4, 8)"
    },
    {
      "source": "(4, 8)",
      "target": "(4, 9)"
    }
  ],
  "weight": [
    [
      1.0,
      0.5,
      0.20000000298023224,
      0.10000000149011612,
      0.05882352963089943,
      0.03846153989434242,
      0.027027027681469917,
      0.019999999552965164,
      0.015384615398943424,
      0.012195121496915817,
      0.5,
      0.20000000298023224,
      0.10000000149011612,
      0.05882352963089943,
      0.03846153989434242,
      0.027027027681469917,
      0.019999999552965164,
      0.015384615398943424,
      0.012195121496915817,
      0.009900989942252636,
      0.20000000298023224,
      0.10000000149011612,
      0.05882352963089943,
      0.03846153989434242,
      0.027027027681469917,
      0.019999999552965164,
      0.015384615398943424,
      0.012195121496915817,
      0.009900989942252636,
      0.008196720853447914,
      0.10000000149011612,
      0.05882352963089943,
      0.03846153989434242,
      0.027027027681469917,
      0.019999999552965164,
      0.015384615398943424,
      0.012195121496915817,
      0.009900989942252636,
      0.008196720853447914,
      0.006896551698446274,
      0.05882352963089943,
      0.03846153989434242,
      0.027027027681469917,
      0.019999999552965164,
      0.015384615398943424,
      0.012195121496915817,
      0.009900989942252636,
      0.008196720853447914,
      0.006896551698446274,
      0.0058823530562222
    ],
    [
      0.5,
      1.0,
      0.5,
      0.20000000298023224,
      0.10000000149011612,
      0.05882352963089943,
      0.03846153989434242,
      0.027027027681469917,
      0.019999999552965164,
      0.015384615398943424,
      0.20000000298023224,
      0.5,
      0.20000000298023224,
      0.10000000149011612,
      0.05882352963089943,
      0.03846153989434242,
      0.027027027681469917,
      0.019999999552965164,
      0.015384615398943424,
      0.012195121496915817,
      0.10000000149011612,
      0.20000000298023224,
      0.10000000149011612,
      0.05882352963089943,
      0.03846153989434242,
      0.027027027681469917,
      0.019999999552965164,
      0.015384615398943424,
      0.012195121496915817,
      0.009900989942252636,
      0.05882352963089943,
      0.10000000149011612,
      0.05882352963089943,
      0.03846153989434242,
      0.027027027681469917,
      0.019999999552965164,
      0.015384615398943424,
      0.012195121496915817,
      0.009900989942252636,
      0.008196720853447914,
      0.03846153989434242,
      0.05882352963089943,
      0.03846153989434242,
      0.027027027681469917,
      0.019999999552965164,
      0.015384615398943424,
      0.012195121496915817,
      0.009900989942252636,
      0.008196720853447914,
      0.006896551698446274
    ],
    [
      0.20000000298023224,
      0.5,
      1.0,
      0.5,
      0.20000000298023224,
      0.10000000149011612,
      0.05882352963089943,
      0.03846153989434242,
      0.027027027681469917,
      0.019999999552965164,
      0.10000000149011612,
      0.20000000298023224,
      0.5,
      0.20000000298023224,
      0.10000000149011612,
      0.05882352963089943,
      0.03846153989434242,
      0.027027027681469917,
      0.019999999552965164,
      0.015384615398943424,
      0.05882352963089943,
      0.10000000149011612,
      0.20000000298023224,
      0.10000000149011612,
      0.05882352963089943,
      0.03846153989434242,
      0.027027027681469917,
      0.019999999552965164,
      0.015384615398943424,
      0.012195121496915817,
      0.03846153989434242,
      0.05882352963089943,
      0.10000000149011612,
      0.05882352963089943,
      0.03846153989434242,
      0.027027027681469917,
      0.019999999552965164,
      0.015384615398943424,
      0.012195121496915817,
      0.009900989942252636,
      0.027027027681469917,
      0.03846153989434242,
      0.05882352963089943,
      0.03846153989434242,
      0.027027027681469917,
      0.019999999552965164,
      0.015384615398943424,
      0.012195121496915817,
      0.009900989942252636,
      0.008196720853447914
    ],
    [
      0.10000000149011612,
      0.20000000298023224,
      0.5,
      1.0,
      0.5,
      0.20000000298023224,
      0.10000000149011612,
      0.05882352963089943,
      0.03846153989434242,
      0.027027027681469917,
      0.05882352963089943,
      0.10000000149011612,
      0.20000000298023224,
      0.5,
      0.20000000298023224,
      0.10000000149011612,
      0.05882352963089943,
      0.03846153989434242,
      0.027027027681469917,
      0.019999999552965164,
      0.03846153989434242,
      0.05882352963089943,
      0.10000000149011612,
      0.20000000298023224,
      0.10000000149011612,
      0.05882352963089943,
      0.03846153989434242,
      0.027027027681469917,
      0.019999999552965164,
      0.015384615398943424,
      0.027027027681469917,
      0.03846153989434242,
      0.05882352963089943,
      0.10000000149011612,
      0.05882352963089943,
      0.03846153989434242,
      0.027027027681469917,
      0.019999999552965164,
      0.015384615398943424,
      0.012195121496915817,
      0.019999999552965164,
      0.027027027681469917,
      0.03846153989434242,
      0.05882352963089943,
      0.03846153989434242,
      0.027027027681469917,
      0.019999999552965164,
      0.015384615398943424,
      0.012195121496915817,
      0.009900989942252636
    ],
    [
      0.05882352963089943,
      0.10000000149011612,
      0.20000000298023224,
      0.5,
      1.0,
      0.5,
      0.20000000298023224,
      0.10000000149011612,
      0.05882352963089943,
      0.03846153989434242,
      0.03846153989434242,
      0.05882352963089943,
      0.10000000149011612,
      0.20000000298023224,
      0.5,
      0.20000000298023224,
      0.10000000149011612,
      0.05882352963089943,
      0.03846153989434242,
      0.027027027681469917,
      0.027027027681469917,
      0.03846153989434242,
      0.05882352963089943,
      0.10000000149011612,
      0.20000000298023224,
      0.10000000149011612,
      0.05882352963089943,
      0.03846153989434242,
      0.027027027681469917,
      0.019999999552965164,
      0.019999999552965164,
      0.027027027681469917,
      0.03846153989434242,
      0.05882352963089943,
      0.10000000149011612,
      0.05882352963089943,
      0.03846153989434242,
      0.027027027681469917,
      0.019999999552965164,
      0.015384615398943424,
      0.015384615398943424,
      0.019999999552965164,
      0.027027027681469917,
      0.03846153989434242,
      0.05882352963089943,
      0.03846153989434242,
      0.027027027681469917,
      0.019999999552965164,
      0.015384615398943424,
      0.012195121496915817
    ],
    [
      0.03846153989434242,
      0.05882352963089943,
      0.10000000149011612,
      0.20000000298023224,
      0.5,
      1.0,
      0.5,
      0.20000000298023224,
      0.10000000149011612,
      0.05882352963089943,
      0.027027027681469917,
      0.03846153989434242,
      0.05882352963089943,
      0.10000000149011612,
      0.20000000298023224,
      0.5,
      0.20000000298023224,
      0.10000000149011612,
      0.05882352963089943,
      0.03846153989434242,
      0.019999999552965164,
      0.027027027681469917,
      0.03846153989434242,
      0.05882352963089943,
      0.10000000149011612,
      0.20000000298023224,
      0.10000000149011612,
      0.05882352963089943,
      0.03846153989434242,
      0.027027027681469917,
      0.015384615398943424,
      0.019999999552965164,
      0.027027027681469917,
      0.03846153989434242,
      0.05882352963089943,
      0.10000000149011612,
      0.05882352963089943,
      0.03846153989434242,
      0.027027027681469917,
      0.019999999552965164,
      0.012195121496915817,
      0.015384615398943424,
      0.019999999552965164,
      0.027027027681469917,
      0.03846153989434242,
      0.05882352963089943,
      0.03846153989434242,
      0.027027027681469917,
      0.019999999552965164,
      0.015384615398943424
    ],
    [
      0.027027027681469917,
      0.03846153989434242,
      0.05882352963089943,
      0.10000000149011612,
      0.20000000298023224,
      0.5,
      1.0,
      0.5,
      0.20000000298023224,
      0.10000000149011612,
      0.019999999552965164,
      0.027027027681469917,
      0.03846153989434242,
      0.05882352963089943,
      0.10000000149011612,
      0.20000000298023224,
      0.5,
      0.20000000298023224,
      0.10000000149011612,
      0.05882352963089943,
      0.015384615398943424,
      0.019999999552965164,
      0.027027027681469917,
      0.03846153989434242,
      0.05882352963089943,
      0.10000000149011612,
      0.20000000298023224,
      0.10000000149011612,
      0.05882352963089943,
      0.03846153989434242,
      0.012195121496915817,
      0.015384615398943424,
      0.019999999552965164,
      0.027027027681469917,
      0.03846153989434242,
      0.05882352963089943,
      0.10000000149011612,
      0.05882352963089943,
      0.03846153989434242,
      0.027027027681469917,
      0.009900989942252636,
      0.012195121496915817,
      0.015384615398943424,
      0.019999999552965164,
      0.027027027681469917,
      0.03846153989434242,
      0.05882352963089943,
      0.03846153989434242,
      0.027027027681469917,
      0.019999999552965164
    ],
    [
      0.019999999552965164,
      0.027027027681469917,
      0.03846153989434242,
      0.05882352963089943,
      0.10000000149011612,
      0.20000000298023224,
      0.5,
      1.0,
      0.5,
      0.20000000298023224,
      0.015384615398943424,
      0.019999999552965164,
      0.027027027681469917,
      0.03846153989434242,
      0.05882352963089943,
      0.10000000149011612,
      0.20000000298023224,
      0.5,
      0.20000000298023224,
      0.10000000149011612,
      0.012195121496915817,
      0.015384615398943424,
      0.019999999552965164,
      0.027027027681469917,
      0.03846153989434242,
      0.05882352963089943,
      0.10000000149011612,
      0.20000000298023224,
      0.10000000149011612,
      0.05882352963089943,
      0.009900989942252636,
      0.012195121496915817,
      0.015384615398943424,
      0.019999999552965164,
      0.027027027681469917,
      0.03846153989434242,
      0.05882352963089943,
      0.10000000149011612,
      0.05882352963089943,
      0.03846153989434242,
      0.008196720853447914,
      0.009900989942252636,
      0.012195121496915817,
      0.015384615398943424,
      0.019999999552965164,
      0.027027027681469917,
      0.03846153989434242,
      0.05882352963089943,
      0.03846153989434242,
      0.027027027681469917
    ],
    [
      0.015384615398943424,
      0.019999999552965164,
      0.027027027681469917,
      0.03846153989434242,
      0.05882352963089943,
      0.10000000149011612,
      0.20000000298023224,
      0.5,
      1.0,
      0.5,
      0.012195121496915817,
      0.015384615398943424,
      0.019999999552965164,
      0.027027027681469917,
      0.03846153989434242,
      0.05882352963089943,
      0.10000000149011612,
      0.20000000298023224,
      0.5,
      0.20000000298023224,
      0.009900989942252636,
      0.012195121496915817,
      0.015384615398943424,
      0.019999999552965164,
      0.027027027681469917,
      0.03846153989434242,
      0.05882352963089943,
      0.10000000149011612,
      0.20000000298023224,
      0.10000000149011612,
      0.008196720853447914,
      0.009900989942252636,
      0.012195121496915817,
      0.015384615398943424,
      0.019999999552965164,
      0.027027027681469917,
      0.03846153989434242,
      0.05882352963089943,
      0.10000000149011612,
      0.05882352963089943,
      0.006896551698446274,
      0.008196720853447914,
      0.009900989942252636,
      0.012195121496915817,
      0.015384615398943424,
      0.019999999552965164,
      0.027027027681469917,
      0.03846153989434242,
      0.05882352963089943,
      0.03846153989434242
    ],
    [
      0.012195121496915817,
      0.015384615398943424,
      0.019999999552965164,
      0.027027027681469917,
      0.03846153989434242,
      0.05882352963089943,
      0.10000000149011612,
      0.20000000298023224,
      0.5,
      1.0,
      0.009900989942252636,
      0.012195121496915817,
      0.015384615398943424,
      0.019999999552965164,
      0.027027027681469917,
      0.03846153989434242,
      0.05882352963089943,
      0.10000000149011612,
      0.20000000298023224,
      0.5,
      0.008196720853447914,
      0.009900989942252636,
      0.012195121496915817,
      0.015384615398943424,
      0.019999999552965164,
      0.027027027681469917,
      0.03846153989434242,
      0.05882352963089943,
      0.10000000149011612,
      0.20000000298023224,
      0.006896551698446274,
      0.008196720853447914,
      0.009900989942252636,
      0.012195121496915817,
      0.015384615398943424,
      0.019999999552965164,
      0.027027027681469917,
      0.03846153989434242,
      0.05882352963089943,
      0.10000000149011612,
      0.0058823530562222,
      0.006896551698446274,
      0.008196720853447914,
      0.009900989942252636,
      0.012195121496915817,
      0.015384615398943424,
      0.019999999552965164,
      0.027027027681469917,
      0.03846153989434242,
      0.05882352963089943
    ],
    [
      0.5,
      0.20000000298023224,
      0.10000000149011612,
      0.05882352963089943,
      0.03846153989434242,
      0.027027027681469917,
      0.019999999552965164,
      0.015384615398943424,
      0.012195121496915817,
      0.009900989942252636,
      1.0,
      0.5,
      0.20000000298023224,
      0.10000000149011612,
      0.05882352963089943,
      0.03846153989434242,
      0.027027027681469917,
      0.019999999552965164,
      0.015384615398943424,
      0.012195121496915817,
      0.5,
      0.20000000298023224,
      0.10000000149011612,
      0.05882352963089943,
      0.03846153989434242,
      0.027027027681469917,
      0.019999999552965164,
      0.015384615398943424,
      0.012195121496915817,
      0.009900989942252636,
      0.20000000298023224,
      0.10000000149011612,
      0.05882352963089943,
      0.03846153989434242,
      0.027027027681469917,
      0.019999999552965164,
      0.015384615398943424,
      0.012195121496915817,
      0.009900989942252636,
      0.008196720853447914,
      0.10000000149011612,
      0.05882352963089943,
      0.03846153989434242,
      0.027027027681469917,
      0.019999999552965164,
      0.015384615398943424,
      0.012195121496915817,
      0.009900989942252636,
      0.008196720853447914,
      0.006896551698446274
    ],
    [
      0.20000000298023224,
      0.5,
      0.20000000298023224,
      0.10000000149011612,
      0.05882352963089943,
      0.03846153989434242,
      0.027027027681469917,
      0.019999999552965164,
      0.015384615398943424,
      0.012195121496915817,
      0.5,
      1.0,
      0.5,
      0.20000000298023224,
      0.10000000149011612,
      0.05882352963089943,
      0.03846153989434242,
      0.027027027681469917,
      0.019999999552965164,
      0.015384615398943424,
      0.20000000298023224,
      0.5,
      0.20000000298023224,
      0.10000000149011612,
      0.05882352963089943,
      0.03846153989434242,
      0.027027027681469917,
      0.019999999552965164,
      0.015384615398943424,
      0.012195121496915817,
      0.10000000149011612,
      0.20000000298023224,
      0.10000000149011612,
      0.05882352963089943,
      0.03846153989434242,
      0.027027027681469917,
      0.019999999552965164,
      0.015384615398943424,
      0.012195121496915817,
      0.009900989942252636,
      0.05882352963089943,
      0.10000000149011612,
      0.05882352963089943,
      0.03846153989434242,
      0.027027027681469917,
      0.019999999552965164,
      0.015384615398943424,
      0.012195121496915817,
      0.009900989942252636,
      0.008196720853447914
    ],
    [
      0.10000000149011612,
      0.20000000298023224,
      0.5,
      0.20000000298023224,
      0.10000000149011612,
      0.05882352963089943,
      0.03846153989434242,
      0.027027027681469917,
      0.019999999552965164,
      0.015384615398943424,
      0.20000000298023224,
      0.5,
      1.0,
      0.5,
      0.20000000298023224,
      0.10000000149011612,
      0.05882352963089943,
      0.03846153989434242,
      0.027027027681469917,
      0.019999999552965164,
      0.10000000149011612,
      0.20000000298023224,
      0.5,
      0.20000000298023224,
      0.10000000149011612,
      0.05882352963089943,
      0.03846153989434242,
      0.027027027681469917,
      0.019999999552965164,
      0.015384615398943424,
      0.05882352963089943,
      0.10000000149011612,
      0.20000000298023224,
      0.10000000149011612,
      0.05882352963089943,
      0.03846153989434242,
      0.027027027681469917,
      0.019999999552965164,
      0.015384615398943424,
      0.012195121496915817,
      0.03846153989434242,
      0.05882352963089943,
      0.10000000149011612,
      0.05882352963089943,
      0.03846153989434242,
      0.027027027681469917,
      0.019999999552965164,
      0.015384615398943424,
      0.012195121496915817,
      0.009900989942252636
    ],
    [
      0.05882352963089943,
      0.10000000149011612,
      0.20000000298023224,
      0.5,
      0.20000000298023224,
      0.10000000149011612,
      0.05882352963089943,
      0.03846153989434242,
      0.027027027681469917,
      0.019999999552965164,
      0.10000000149011612,
      0.20000000298023224,
      0.5,
      1.0,
      0.5,
      0.20000000298023224,
      0.10000000149011612,
      0.05882352963089943,
      0.03846153989434242,
      0.027027027681469917,
      0.05882352963089943,
      0.10000000149011612,
      0.20000000298023224,
      0.5,
      0.20000000298023224,
      0.10000000149011612,
      0.05882352963089943,
      0.03846153989434242,
      0.027027027681469917,
      0.019999999552965164,
      0.03846153989434242,
      0.05882352963089943,
      0.10000000149011612,
      0.20000000298023224,
      0.10000000149011612,
      0.05882352963089943,
      0.03846153989434242,
      0.027027027681469917,
      0.019999999552965164,
      0.015384615398943424,
      0.027027027681469917,
      0.03846153989434242,
      0.05882352963089943,
      0.10000000149011612,
      0.05882352963089943,
      0.03846153989434242,
      0.027027027681469917,
      0.019999999552965164,
      0.015384615398943424,
      0.012195121496915817
    ],
    [
      0.03846153989434242,
      0.05882352963089943,
      0.10000000149011612,
      0.20000000298023224,
      0.5,
      0.20000000298023224,
      0.10000000149011612,
      0.05882352963089943,
      0.03846153989434242,
      0.027027027681469917,
      0.05882352963089943,
      0.10000000149011612,
      0.20000000298023224,
      0.5,
      1.0,
      0.5,
      0.20000000298023224,
      0.10000000149011612,
      0.05882352963089943,
      0.03846153989434242,
      0.03846153989434242,
      0.05882352963089943,
      0.10000000149011612,
      0.20000000298023224,
      0.5,
      0.20000000298023224,
      0.10000000149011612,
      0.05882352963089943,
      0.03846153989434242,
      0.027027027681469917,
      0.027027027681469917,
      0.03846153989434242,
      0.05882352963089943,
      0.10000000149011612,
      0.20000000298023224,
      0.10000000149011612,
      0.05882352963089943,
      0.03846153989434242,
      0.027027027681469917,
      0.019999999552965164,
      0.019999999552965164,
      0.027027027681469917,
      0.03846153989434242,
      0.05882352963089943,
      0.10000000149011612,
      0.05882352963089943,
      0.03846153989434242,
      0.027027027681469917,
      0.019999999552965164,
      0.015384615398943424
    ],
    [
      0.027027027681469917,
      0.03846153989434242,
      0.05882352963089943,
      0.10000000149011612,
      0.20000000298023224,
      0.5,
      0.20000000298023224,
      0.10000000149011612,
      0.05882352963089943,
      0.03846153989434242,
      0.03846153989434242,
      0.05882352963089943,
      0.10000000149011612,
      0.20000000298023224,
      0.5,
      1.0,
      0.5,
      0.20000000298023224,
      0.10000000149011612,
      0.05882352963089943,
      0.027027027681469917,
      0.03846153989434242,
      0.05882352963089943,
      0.10000000149011612,
      0.20000000298023224,
      0.5,
      0.20000000298023224,
      0.10000000149011612,
      0.05882352963089943,
      0.03846153989434242,
      0.019999999552965164,
      0.027027027681469917,
      0.03846153989434242,
      0.05882352963089943,
      0.10000000149011612,
      0.20000000298023224,
      0.10000000149011612,
      0.05882352963089943,
      0.03846153989434242,
      0.027027027681469917,
      0.015384615398943424,
      0.019999999552965164,
      0.027027027681469917,
      0.03846153989434242,
      0.05882352963089943,
      0.10000000149011612,
      0.05882352963089943,
      0.03846153989434242,
      0.027027027681469917,
      0.019999999552965164
    ],
    [
      0.019999999552965164,
      0.027027027681469917,
      0.03846153989434242,
      0.05882352963089943,
      0.10000000149011612,
      0.20000000298023224,
      0.5,
      0.20000000298023224,
      0.10000000149011612,
      0.05882352963089943,
      0.027027027681469917,
      0.03846153989434242,
      0.05882352963089943,
      0.10000000149011612,
      0.20000000298023224,
      0.5,
      1.0,
      0.5,
      0.20000000298023224,
      0.10000000149011612,
      0.019999999552965164,
      0.027027027681469917,
      0.03846153989434242,
      0.05882352963089943,
      0.10000000149011612,
      0.20000000298023224,
      0.5,
      0.20000000298023224,
      0.10000000149011612,
      0.05882352963089943,
      0.015384615398943424,
      0.019999999552965164,
      0.027027027681469917,
      0.03846153989434242,
      0.05882352963089943,
      0.10000000149011612,
      0.20000000298023224,
      0.10000000149011612,
      0.05882352963089943,
      0.03846153989434242,
      0.012195121496915817,
      0.015384615398943424,
      0.019999999552965164,
      0.027027027681469917,
      0.03846153989434242,
      0.05882352963089943,
      0.10000000149011612,
      0.05882352963089943,
      0.03846153989434242,
      0.027027027681469917
    ],
    [
      0.015384615398943424,
      0.019999999552965164,
      0.027027027681469917,
      0.03846153989434242,
      0.05882352963089943,
      0.10000000149011612,
      0.20000000298023224,
      0.5,
      0.20000000298023224,
      0.10000000149011612,
      0.019999999552965164,
      0.027027027681469917,
      0.03846153989434242,
      0.05882352963089943,
      0.10000000149011612,
      0.20000000298023224,
      0.5,
      1.0,
      0.5,
      0.20000000298023224,
      0.015384615398943424,
      0.019999999552965164,
      0.027027027681469917,
      0.03846153989434242,
      0.05882352963089943,
      0.10000000149011612,
      0.20000000298023224,
      0.5,
      0.20000000298023224,
      0.10000000149011612,
      0.012195121496915817,
      0.015384615398943424,
      0.019999999552965164,
      0.027027027681469917,
      0.03846153989434242,
      0.05882352963089943,
      0.10000000149011612,
      0.20000000298023224,
      0.10000000149011612,
      0.05882352963089943,
      0.009900989942252636,
      0.012195121496915817,
      0.015384615398943424,
      0.019999999552965164,
      0.027027027681469917,
      0.03846153989434242,
      0.05882352963089943,
      0.10000000149011612,
      0.05882352963089943,
      0.03846153989434242
    ],
    [
      0.012195121496915817,
      0.015384615398943424,
      0.019999999552965164,
      0.027027027681469917,
      0.03846153989434242,
      0.05882352963089943,
      0.10000000149011612,
      0.20000000298023224,
      0.5,
      0.20000000298023224,
      0.015384615398943424,
      0.019999999552965164,
      0.027027027681469917,
      0.03846153989434242,
      0.05882352963089943,
      0.10000000149011612,
      0.20000000298023224,
      0.5,
      1.0,
      0.5,
      0.012195121496915817,
      0.015384615398943424,
      0.019999999552965164,
      0.027027027681469917,
      0.03846153989434242,
      0.05882352963089943,
      0.10000000149011612,
      0.20000000298023224,
      0.5,
      0.20000000298023224,
      0.009900989942252636,
      0.012195121496915817,
      0.015384615398943424,
      0.019999999552965164,
      0.027027027681469917,
      0.03846153989434242,
      0.05882352963089943,
      0.10000000149011612,
      0.20000000298023224,
      0.10000000149011612,
      0.008196720853447914,
      0.009900989942252636,
      0.012195121496915817,
      0.015384615398943424,
      0.019999999552965164,
      0.027027027681469917,
      0.03846153989434242,
      0.05882352963089943,
      0.10000000149011612,
      0.05882352963089943
    ],
    [
      0.009900989942252636,
      0.012195121496915817,
      0.015384615398943424,
      0.019999999552965164,
      0.027027027681469917,
      0.03846153989434242,
      0.05882352963089943,
      0.10000000149011612,
      0.20000000298023224,
      0.5,
      0.012195121496915817,
      0.015384615398943424,
      0.019999999552965164,
      0.027027027681469917,
      0.03846153989434242,
      0.05882352963089943,
      0.10000000149011612,
      0.20000000298023224,
      0.5,
      1.0,
      0.009900989942252636,
      0.012195121496915817,
      0.015384615398943424,
      0.019999999552965164,
      0.027027027681469917,
      0.03846153989434242,
      0.05882352963089943,
      0.10000000149011612,
      0.20000000298023224,
      0.5,
      0.008196720853447914,
      0.009900989942252636,
      0.012195121496915817,
      0.015384615398943424,
      0.019999999552965164,
      0.027027027681469917,
      0.03846153989434242,
      0.05882352963089943,
      0.10000000149011612,
      0.20000000298023224,
      0.006896551698446274,
      0.008196720853447914,
      0.009900989942252636,
      0.012195121496915817,
      0.015384615398943424,
      0.019999999552965164,
      0.027027027681469917,
      0.03846153989434242,
      0.05882352963089943,
      0.10000000149011612
    ],
    [
      0.20000000298023224,
      0.10000000149011612,
      0.05882352963089943,
      0.03846153989434242,
      0.027027027681469917,
      0.019999999552965164,
      0.015384615398943424,
      0.012195121496915817,
      0.009900989942252636,
      0.008196720853447914,
      0.5,
      0.20000000298023224,
      0.10000000149011612,
      0.05882352963089943,
      0.03846153989434242,
      0.027027027681469917,
      0.019999999552965164,
      0.015384615398943424,
      0.012195121496915817,
      0.009900989942252636,
      1.0,
      0.5,
      0.20000000298023224,
      0.10000000149011612,
      0.05882352963089943,
      0.03846153989434242,
      0.027027027681469917,
      0.019999999552965164,
      0.015384615398943424,
      0.012195121496915817,
      0.5,
      0.20000000298023224,
      0.10000000149011612,
      0.05882352963089943,
      0.03846153989434242,
      0.027027027681469917,
      0.019999999552965164,
      0.015384615398943424,
      0.012195121496915817,
      0.009900989942252636,
      0.20000000298023224,
      0.10000000149011612,
      0.05882352963089943,
      0.03846153989434242,
      0.027027027681469917,
      0.019999999552965164,
      0.015384615398943424,
      0.012195121496915817,
      0.009900989942252636,
      0.008196720853447914
    ],
    [
      0.10000000149011612,
      0.20000000298023224,
      0.10000000149011612,
      0.05882352963089943,
      0.03846153989434242,
      0.027027027681469917,
      0.019999999552965164,
      0.015384615398943424,
      0.012195121496915817,
      0.009900989942252636,
      0.20000000298023224,
      0.5,
      0.20000000298023224,
      0.10000000149011612,
      0.05882352963089943,
      0.03846153989434242,
      0.027027027681469917,
      0.019999999552965164,
      0.015384615398943424,
      0.012195121496915817,
      0.5,
      1.0,
      0.5,
      0.20000000298023224,
      0.10000000149011612,
      0.05882352963089943,
      0.03846153989434242,
      0.027027027681469917,
      0.019999999552965164,
      0.015384615398943424,
      0.20000000298023224,
      0.5,
      0.20000000298023224,
      0.10000000149011612,
      0.05882352963089943,
      0.03846153989434242,
      0.027027027681469917,
      0.019999999552965164,
      0.015384615398943424,
      0.012195121496915817,
      0.10000000149011612,
      0.20000000298023224,
      0.10000000149011612,
      0.05882352963089943,
      0.03846153989434242,
      0.027027027681469917,
      0.019999999552965164,
      0.015384615398943424,
      0.012195121496915817,
      0.009900989942252636
    ],
    [
      0.05882352963089943,
      0.10000000149011612,
      0.20000000298023224,
      0.10000000149011612,
      0.05882352963089943,
      0.03846153989434242,
      0.027027027681469917,
      0.019999999552965164,
      0.015384615398943424,
      0.012195121496915817,
      0.10000000149011612,
      0.20000000298023224,
      0.5,
      0.20000000298023224,
      0.10000000149011612,
      0.05882352963089943,
      0.03846153989434242,
      0.027027027681469917,
      0.019999999552965164,
      0.015384615398943424,
      0.20000000298023224,
      0.5,
      1.0,
      0.5,
      0.20000000298023224,
      0.10000000149011612,
      0.05882352963089943,
      0.03846153989434242,
      0.027027027681469917,
      0.019999999552965164,
      0.10000000149011612,
      0.20000000298023224,
      0.5,
      0.20000000298023224,
      0.10000000149011612,
      0.05882352963089943,
      0.03846153989434242,
      0.027027027681469917,
      0.019999999552965164,
      0.015384615398943424,
      0.05882352963089943,
      0.10000000149011612,
      0.20000000298023224,
      0.10000000149011612,
      0.05882352963089943,
      0.03846153989434242,
      0.027027027681469917,
      0.019999999552965164,
      0.015384615398943424,
      0.012195121496915817
    ],
    [
      0.03846153989434242,
      0.05882352963089943,
      0.10000000149011612,
      0.20000000298023224,
      0.10000000149011612,
      0.05882352963089943,
      0.03846153989434242,
      0.027027027681469917,
      0.019999999552965164,
      0.015384615398943424,
      0.05882352963089943,
      0.10000000149011612,
      0.20000000298023224,
      0.5,
      0.20000000298023224,
      0.10000000149011612,
      0.05882352963089943,
      0.03846153989434242,
      0.027027027681469917,
      0.019999999552965164,
      0.10000000149011612,
      0.20000000298023224,
      0.5,
      1.0,
      0.5,
      0.20000000298023224,
      0.10000000149011612,
      0.05882352963089943,
      0.03846153989434242,
      0.027027027681469917,
      0.05882352963089943,
      0.10000000149011612,
      0.20000000298023224,
      0.5,
      0.20000000298023224,
      0.10000000149011612,
      0.05882352963089943,
      0.03846153989434242,
      0.027027027681469917,
      0.019999999552965164,
      0.03846153989434242,
      0.05882352963089943,
      0.10000000149011612,
      0.20000000298023224,
      0.10000000149011612,
      0.05882352963089943,
      0.03846153989434242,
      0.027027027681469917,
      0.019999999552965164,
      0.015384615398943424
    ],
    [
      0.027027027681469917,
      0.03846153989434242,
      0.05882352963089943,
      0.10000000149011612,
      0.20000000298023224,
      0.10000000149011612,
      0.05882352963089943,
      0.03846153989434242,
      0.027027027681469917,
      0.019999999552965164,
      0.03846153989434242,
      0.05882352963089943,
      0.10000000149011612,
      0.20000000298023224,
