{
  "nodes": [
    {
      "index": 0,
      "id": "0",
      "x": -0.3051402270793915,
      "y": 0.9039948582649231
    },
    {
      "index": 1,
      "id": "1",
      "x": 0.3799413740634918,
      "y": 0.3365180492401123
    },
    {
      "index": 2,
      "id": "2",
      "x": -0.4154876172542572,
      "y": -0.27198678255081177
    },
    {
      "index": 3,
      "id": "3",
      "x": 0.6117779016494751,
      "y": -0.5547022223472595
    },
    {
      "index": 4,
      "id": "4",
      "x": 0.19398200511932373,
      "y": -0.052105650305747986
    },
    {
      "index": 5,
      "id": "5",
      "x": -0.17355337738990784,
      "y": -0.05645865947008133
    },
    {
      "index": 6,
      "id": "6",
      "x": 0.30947795510292053,
      "y": 0.493788480758667
    },
    {
      "index": 7,
      "id": "7",
      "x": -0.6193063855171204,
      "y": -0.21217431128025055
    },
    {
      "index": 8,
      "id": "8",
      "x": -0.39482155442237854,
      "y": 0.025358494371175766
    },
    {
      "index": 9,
      "id": "9",
      "x": 0.41712406277656555,
      "y": -0.6129478216171265
    }
  ],
  "edges": [
    {
      "source": "0",
      "target": "1"
    },
    {
      "source": "0",
      "target": "9"
    },
    {
      "source": "1",
      "target": "2"
    },
    {
      "source": "2",
      "target": "3"
    },
    {
      "source": "3",
      "target": "4"
    },
    {
      "source": "4",
      "target": "5"
    },
    {
      "source": "5",
      "target": "6"
    },
    {
      "source": "6",
      "target": "7"
    },
    {
      "source": "7",
      "target": "8"
    },
    {
      "source": "8",
      "target": "9"
    }
  ],
  "coef": {
    "stress": 0,
    "crossing_angle": 0,
    "neighbor": 0,
    "edge_uniformity": 0,
    "crossing_number": 0,
    "angular_resolution": 0,
    "vertex_resolution": 0,
    "gabriel": 0,
    "aspect_ratio": 0
  },
  "optimizer": {
    "lr": 0.38319729432430527,
    "momentum": 0.5
  },
  "graphDistance": [
    [
      0,
      1,
      2,
      3,
      4,
      5,
      4,
      3,
      2,
      1
    ],
    [
      1,
      0,
      1,
      2,
      3,
      4,
      5,
      4,
      3,
      2
    ],
    [
      2,
      1,
      0,
      1,
      2,
      3,
      4,
      5,
      4,
      3
    ],
    [
      3,
      2,
      1,
      0,
      1,
      2,
      3,
      4,
      5,
      4
    ],
    [
      4,
      3,
      2,
      1,
      0,
      1,
      2,
      3,
      4,
      5
    ],
    [
      5,
      4,
      3,
      2,
      1,
      0,
      1,
      2,
      3,
      4
    ],
    [
      4,
      5,
      4,
      3,
      2,
      1,
      0,
      1,
      2,
      3
    ],
    [
      3,
      4,
      5,
      4,
      3,
      2,
      1,
      0,
      1,
      2
    ],
    [
      2,
      3,
      4,
      5,
      4,
      3,
      2,
      1,
      0,
      1
    ],
    [
      1,
      2,
      3,
      4,
      5,
      4,
      3,
      2,
      1,
      0
    ]
  ],
  "weight": [
    [
      1,
      1,
      0.25,
      0.1111111119389534,
      0.0625,
      0.03999999910593033,
      0.0625,
      0.1111111119389534,
      0.25,
      1
    ],
    [
      1,
      1,
      1,
      0.25,
      0.1111111119389534,
      0.0625,
      0.03999999910593033,
      0.0625,
      0.1111111119389534,
      0.25
    ],
    [
      0.25,
      1,
      1,
      1,
      0.25,
      0.1111111119389534,
      0.0625,
      0.03999999910593033,
      0.0625,
      0.1111111119389534
    ],
    [
      0.1111111119389534,
      0.25,
      1,
      1,
      1,
      0.25,
      0.1111111119389534,
      0.0625,
      0.03999999910593033,
      0.0625
    ],
    [
      0.0625,
      0.1111111119389534,
      0.25,
      1,
      1,
      1,
      0.25,
      0.1111111119389534,
      0.0625,
      0.03999999910593033
    ],
    [
      0.03999999910593033,
      0.0625,
      0.1111111119389534,
      0.25,
      1,
      1,
      1,
      0.25,
      0.1111111119389534,
      0.0625
    ],
    [
      0.0625,
      0.03999999910593033,
      0.0625,
      0.1111111119389534,
      0.25,
      1,
      1,
      1,
      0.25,
      0.1111111119389534
    ],
    [
      0.1111111119389534,
      0.0625,
      0.03999999910593033,
      0.0625,
      0.1111111119389534,
      0.25,
      1,
      1,
      1,
      0.25
    ],
    [
      0.25,
      0.1111111119389534,
      0.0625,
      0.03999999910593033,
      0.0625,
      0.1111111119389534,
      0.25,
      1,
      1,
      1
    ],
    [
      1,
      0.25,
      0.1111111119389534,
      0.0625,
      0.03999999910593033,
      0.0625,
      0.1111111119389534,
      0.25,
      1,
      1
    ]
  ]
}